69 49 20 49
86 46 74 37
22 37 84 82
30 72 27 67
28 64 17 43
29 65 48 92
59 27 82 19
61 46 76 84
69 18 39 20
24 10 26 63
73 72 15 54
99 99 98 20
90 40 50 11
18 99 12 43
57 41 50 33
85 93 14 64
34 31 94 35
21 80 38 58
51 55 36 69
24 71 33 56
45 68 96 11
27 92 52 69
47 49 42 15
97 90 25 15
63 47 13 33
29 60 87 28
81 10 26 38
41 17 14 59
75 26 42 85
29 85 70 63
15 56 51 60
63 94 22 65
70 78 37 62
75 37 93 25
95 36 19 96
64 76 79 23
92 95 15 32
89 10 73 21
68 98 11 28
16 54 41 71
95 74 13 31
64 32 23 53
23 76 80 17
71 39 74 24
39 68 57 79
44 22 34 40
16 43 68 66
82 90 44 92
95 82 31 72
31 93 48 51
80 38 94 17
88 41 19 81
19 73 45 75
40 89 83 83
50 35 90 58
31 16 24 80
28 25 81 87
66 16 86 94
65 38 26 20
89 23 78 33
34 50 77 35
85 58 30 44
37 34 70 54
86 47 55 84
40 30 25 13
91 52 89 83
67 61 27 99
46 42 46 36
52 88 43 27
96 46 17 67
18 76 67 54
21 32 28 43
26 59 57 53
88 40 32 62
53 30 61 20
19 84 79 71
21 93 66 16
36 22 55 42
45 12 24 88
87 29 48 35
97 21 36 96
10 32 34 35
11 91 25 98
48 44 33 81
45 12 91 39
97 62 30 51
79 11 39 42
77 83 58 86
14 18 12 70
62 91 49 77
18 38 45 78
72 23 57 13
41 59 73 14
29 60 65 61
52 97 13 78
47 77 66 75
55 53 98 44
14 60 12 56
87 74 22 56