1008 1004 1004 1007
1002 1003 8386 1000
1006 1008 1007 1003
1000 1001 1009 1006
1000 1002 7445 1006
1002 1000 1002 1008
1006 1009 1000 1002
1007 1007 1007 2148
1007 1001 1004 1004
1003 1007 1007 1009
1009 6192 1006 9903
1003 1008 1004 1002
1006 6843 8651 1007
1003 8291 1003 1009
7969 1004 1008 1002
1003 1005 1009 1000
1000 1002 1008 5540
1002 6767 1009 1009
1003 1003 1005 1004
1000 1004 1002 7950
1002 1007 1000 1003
1005 1004 1009 1000
1004 1008 1002 1004
1000 1009 1009 1001
1007 1009 1005 1003
1005 1006 6617 1001
1007 1008 1002 1008
1001 1006 1001 1004
1005 1006 1006 1001
1001 1005 1006 1005
1003 1003 1006 1004
1003 6848 1008 1009
1001 1002 1009 1005
5460 1006 1009 3376
1000 1006 1006 1009
1005 1009 1005 1001
1004 1005 1007 1000
1002 1003 1000 1000
1002 1007 1001 1004
1000 1000 1001 1000
1008 1005 1008 2255
1007 1004 1008 1005
1003 1008 1004 1007
1004 8817 1000 1000
2294 5479 1007 1004
1005 1003 1000 1007
1008 1004 1006 1001
1008 1005 1007 1005
1005 1002 1008 1009
1009 1006 1002 1005