1:2,5,5,3,5,4,2,7,3,8,3,3,3,3,7,8,1,7,7,7,3,7,3,1,8,9,5,4,8,2
2:4,3,8,3,7,9,8,4,9,1,6,4,4,1,1,6,7,2,3,7,6,9,6,6,3,8,6,1,7,2
3:5,3,4,4,9,3,8,3,6,2,5,1,6,1,6,3,2,4,8,2,1,4,5,6,8,5,1,1,1,7
4:9,8,1,9,7,3,2,4,6,4,4,7,2,1,2,9,1,4,1,8,6,9,2,2,5,3,6,2,2,6
5:3,7,2,6,9,2,9,6,1,1,5,2,4,7,9,4,2,6,3,5,2,5,4,9,2,5,8,5,3,1
6:2,6,4,7,8,6,4,4,8,1,5,7,2,8,8,5,9,7,5,8,2,9,2,4,9,1,6,4,6,2
7:2,6,4,7,8,6,4,4,8,1,5,7,2,8,8,5,9,7,5,8,2,9,2,4,9,1,6,4,6,7
8:8,7,3,2,2,5,5,1,2,3,7,5,2,3,2,1,9,6,5,5,5,3,5,3,9,1,1,2,3,2
9:6,9,1,4,4,9,3,5,7,7,3,5,2,9,3,1,8,9,5,3,3,9,3,2,2,3,9,2,3,8
10:7,3,7,1,8,6,2,1,7,2,9,2,9,7,2,4,4,1,9,2,2,8,4,9,7,3,2,1,4,9
11:5,6,9,8,3,1,8,8,5,7,1,4,3,6,1,9,4,8,8,9,8,5,9,1,7,3,2,7,7,3
12:7,3,7,1,8,6,2,1,7,2,9,2,9,7,2,4,4,1,9,2,2,8,4,9,7,3,2,1,4,6
13:1,8,5,7,8,4,8,9,2,2,4,4,7,8,4,1,8,5,7,7,2,4,4,4,5,4,4,1,5,4
14:8,5,7,8,7,2,4,6,1,6,9,3,2,5,4,4,1,8,2,4,9,7,4,4,8,5,5,1,7,2
15:7,9,9,8,7,5,6,4,7,8,2,4,8,7,6,3,1,6,9,9,2,4,2,6,7,6,2,4,4,2
16:6,7,6,6,9,3,2,4,4,5,8,3,1,9,4,7,7,7,4,7,2,7,8,6,5,8,5,2,8,2
17:2,9,6,8,9,7,7,9,6,9,4,9,1,5,1,1,7,3,3,6,2,6,9,7,6,9,2,3,3,1
18:7,9,9,8,7,5,6,4,7,8,2,4,8,7,6,3,1,6,9,9,2,4,2,6,7,6,2,4,4,4
19:4,1,5,6,5,5,6,3,6,6,8,5,9,8,3,7,4,6,4,7,7,9,2,1,3,6,1,6,7,7
20:9,7,8,5,5,3,1,6,6,8,4,6,9,9,8,5,9,5,9,2,6,5,1,3,5,2,1,4,1,5
21:6,7,4,6,7,6,8,7,7,8,9,1,1,4,3,2,1,2,5,8,1,7,6,6,2,3,7,2,5,4
22:3,6,1,9,3,2,5,2,2,4,9,1,3,1,7,4,1,3,8,7,9,7,7,8,6,1,6,6,8,2
23:8,7,1,6,1,8,1,9,7,5,9,4,5,6,6,6,8,2,7,6,2,5,4,5,2,2,6,1,4,3
24:8,3,3,1,7,8,2,8,4,8,5,6,9,8,4,8,3,7,3,3,5,7,2,3,8,2,6,1,6,2
25:2,4,5,6,1,2,1,1,4,7,6,9,4,3,8,6,1,8,2,6,2,4,5,7,7,5,2,8,7,7
26:6,9,8,6,8,5,1,5,2,7,4,3,5,8,7,2,4,1,3,6,3,2,8,8,2,3,5,9,4,7
27:8,8,3,8,2,1,4,7,3,3,5,9,8,7,3,4,5,2,1,5,4,6,4,5,9,7,1,4,2,8
28:9,3,6,7,9,9,8,4,5,9,5,5,7,6,8,2,7,6,4,6,1,1,2,8,7,1,5,5,9,7
29:2,7,7,7,8,8,8,8,1,5,3,9,9,3,2,6,5,8,5,6,6,3,7,5,3,5,1,1,6,5
30:3,6,1,9,3,2,5,2,2,4,9,1,3,1,7,4,1,3,8,7,9,7,7,2,6,1,6,6,8,8
31:6,3,3,7,4,9,3,7,2,5,1,6,8,8,9,3,8,5,6,9,1,3,7,2,7,3,7,7,4,6
32:1,6,7,7,5,9,7,9,9,2,2,4,7,6,9,6,7,2,2,2,1,8,2,1,9,2,5,1,6,2
33:2,6,8,6,8,9,2,5,3,4,6,3,3,4,8,8,7,8,2,4,7,2,1,8,8,5,8,3,7,5
34:4,9,5,3,3,2,7,7,8,1,2,1,2,3,5,6,8,5,9,2,3,6,2,2,6,7,9,7,2,6
35:8,2,5,9,4,6,3,9,9,7,9,8,7,5,2,6,3,7,7,3,6,5,7,9,2,6,7,8,6,1
36:7,3,7,7,8,4,8,3,2,7,5,3,8,2,3,4,2,4,7,9,8,2,3,8,9,2,9,8,4,6
37:3,1,4,8,7,5,3,5,9,8,5,1,8,7,9,6,1,6,5,3,6,1,4,3,4,8,8,2,8,6
38:9,7,1,5,8,5,7,8,4,8,9,3,8,1,9,2,3,8,9,4,3,3,2,6,8,5,8,1,3,7
39:3,4,2,3,5,7,4,1,8,2,5,9,5,3,9,8,7,6,9,9,2,7,8,3,3,2,5,3,4,6
40:5,9,8,5,8,6,9,1,7,7,3,5,7,3,5,3,4,6,1,3,1,8,1,8,1,9,2,8,5,2
41:6,3,3,7,4,9,3,7,2,3,1,6,8,8,9,3,8,5,6,9,1,3,7,2,7,3,7,7,4,6
42:3,3,4,7,3,4,2,5,7,7,5,1,1,8,5,8,7,1,3,1,9,3,6,9,5,7,3,6,8,6
43:3,5,5,4,5,2,6,9,2,7,5,3,8,2,5,7,9,8,4,1,2,6,4,9,7,7,8,1,5,6
44:4,4,5,7,5,1,8,4,7,6,8,3,5,2,4,6,5,5,3,1,7,9,6,9,9,7,2,3,9,4
45:4,3,3,5,5,3,2,4,3,5,5,8,4,6,8,8,8,8,5,1,6,2,3,9,8,5,3,3,6,6
46:4,7,1,1,5,6,5,3,4,6,2,9,6,6,1,4,7,1,1,2,9,8,1,1,1,6,1,7,9,8
47:9,6,7,8,4,8,8,7,9,4,7,6,8,6,5,1,8,6,3,6,2,2,2,1,7,6,7,8,3,1
48:7,1,6,8,7,3,3,8,3,4,1,9,4,9,6,5,7,4,5,2,6,1,5,4,2,4,4,8,6,8
49:9,4,3,4,3,2,9,3,5,3,5,3,6,3,2,9,6,3,1,7,4,9,3,9,4,4,6,2,8,8
50:6,5,9,4,1,2,2,9,3,9,8,6,9,3,8,5,4,9,6,2,6,2,4,4,8,4,9,2,4,6
51:5,7,4,7,4,7,3,9,4,4,8,3,5,2,7,6,8,1,5,1,1,5,1,2,9,5,9,9,7,6
52:8,7,3,2,2,5,5,1,2,3,8,5,2,3,2,1,9,6,5,5,5,3,5,3,9,1,1,2,3,9
53:8,2,9,5,7,2,6,1,7,2,7,4,3,2,2,2,4,2,3,4,7,4,1,5,3,5,9,4,7,8
54:3,4,3,3,5,9,2,9,6,2,1,5,9,6,6,5,8,5,9,1,5,6,9,3,4,2,1,9,2,9
55:5,5,8,9,2,9,2,7,6,3,3,2,3,8,3,4,2,6,9,3,3,7,3,8,7,9,2,3,1,5
56:4,1,4,5,1,2,7,5,1,5,2,4,1,6,3,2,1,6,6,8,5,9,5,3,5,8,5,8,6,7
57:8,2,3,8,6,6,9,6,9,8,1,8,1,7,4,4,8,9,1,7,5,1,6,5,8,5,2,7,6,2
58:6,6,9,7,1,2,8,4,2,6,5,9,8,7,9,7,2,7,9,2,9,9,8,1,8,4,8,1,1,5
59:2,5,2,3,2,5,2,8,4,6,4,3,6,7,9,4,8,3,7,6,9,2,9,7,1,5,3,1,7,1
60:5,9,8,5,9,5,3,8,2,2,6,9,8,5,8,8,2,2,6,9,7,7,8,3,5,6,1,7,7,8
61:4,3,8,3,9,9,8,4,9,1,6,4,4,1,1,6,7,2,3,7,6,9,6,6,3,8,6,1,7,4
62:1,8,3,2,1,3,8,5,4,1,1,9,1,7,2,6,9,4,3,7,3,1,2,4,8,3,6,6,9,3
63:5,7,3,6,5,1,9,7,6,3,2,7,8,8,5,4,2,4,7,5,5,4,1,5,7,7,6,8,5,1
64:4,3,8,5,4,6,7,3,9,4,7,5,1,4,5,3,8,2,4,7,5,1,9,4,3,1,6,3,2,2
65:6,3,2,3,7,4,1,7,4,3,5,9,3,2,8,6,5,1,9,7,4,3,9,2,8,8,8,4,8,6
66:6,9,8,6,8,5,1,5,2,2,4,3,5,8,7,2,4,1,3,6,3,2,8,8,2,3,5,9,4,7
67:9,2,2,4,5,6,5,7,3,3,2,9,4,1,5,1,9,3,6,1,4,3,8,1,6,6,8,3,2,7
68:6,3,3,7,4,9,3,7,2,5,1,6,8,8,9,3,8,5,6,9,1,3,7,2,7,3,7,7,4,8
69:5,5,3,9,4,2,4,1,1,4,4,8,7,5,8,7,9,8,7,6,2,9,5,7,3,4,4,9,2,4
70:3,1,3,1,8,4,3,8,2,3,6,5,9,9,4,9,8,8,8,5,8,3,6,5,1,3,7,7,5,8
71:1,5,5,5,4,2,6,6,9,6,4,5,2,8,1,5,5,1,1,8,4,3,5,9,8,1,1,9,7,7
72:9,1,5,7,8,7,5,3,9,5,2,3,5,6,2,6,8,6,8,1,7,9,9,4,9,1,4,7,7,4
73:6,9,8,6,8,5,1,5,2,7,4,3,5,8,7,2,4,1,3,6,3,2,8,8,2,3,5,9,4,9
74:8,5,7,8,7,2,4,6,1,6,9,3,2,5,4,4,1,8,2,4,9,7,4,4,8,5,5,1,7,8
75:4,1,7,7,3,1,4,7,5,5,4,5,6,9,7,3,3,4,8,2,7,9,1,6,8,7,4,8,1,1
76:9,3,6,7,9,9,8,4,5,9,5,5,7,6,8,2,7,6,4,6,1,1,2,8,7,1,5,5,9,4
77:6,6,3,6,9,2,3,8,1,1,4,1,8,4,5,1,9,4,6,9,7,9,2,8,5,2,2,1,4,7
78:9,8,1,9,7,3,2,4,6,4,4,7,2,1,2,9,1,4,1,8,6,9,2,2,5,3,6,2,2,4
79:1,6,9,9,4,1,3,4,3,4,9,9,1,9,1,7,6,5,6,4,1,3,5,5,7,4,8,2,1,6
80:5,8,5,9,8,3,5,1,1,8,9,7,3,7,2,9,3,4,5,6,4,3,7,2,6,4,9,6,3,9
81:7,9,9,8,7,5,6,4,7,8,2,4,8,7,6,3,1,6,9,9,2,4,2,6,7,6,2,4,4,4
82:6,7,6,6,9,3,2,4,4,5,8,3,1,9,4,7,7,7,4,7,2,7,8,6,5,8,5,2,8,8
83:6,9,1,4,4,8,3,5,7,7,3,5,2,9,3,1,8,9,5,3,3,9,3,2,2,3,9,2,3,6
84:6,5,7,5,6,4,4,2,1,3,5,3,5,4,6,1,5,5,3,1,9,6,4,1,8,8,7,6,9,5
85:2,3,7,9,8,4,6,6,9,5,1,5,1,9,6,2,2,2,9,8,4,4,6,6,3,2,4,8,4,2
86:9,2,8,7,1,5,1,7,3,6,3,1,9,7,3,9,1,3,8,8,1,4,6,1,3,5,4,8,1,4
87:3,1,4,8,7,5,3,5,9,8,5,1,8,7,9,6,1,6,5,3,6,1,3,3,4,8,8,2,8,5
88:3,1,1,6,1,3,2,3,9,5,8,7,3,4,8,1,9,6,4,7,9,2,3,9,2,5,5,9,2,4
89:6,7,1,7,5,1,8,1,4,4,2,1,4,9,3,9,7,3,6,3,3,3,9,7,8,4,4,1,1,7
90:1,5,3,9,8,4,7,2,2,9,3,1,5,2,4,4,6,9,7,3,2,6,9,1,9,9,3,5,7,3
91:7,3,7,1,8,6,2,1,7,2,9,2,5,7,2,4,4,1,9,2,2,8,4,9,7,3,2,1,4,9
92:5,6,9,1,9,4,3,8,7,4,2,5,3,2,2,4,9,7,6,5,9,1,7,8,5,6,3,1,2,1
93:1,9,2,7,5,6,9,4,3,4,1,2,8,4,3,7,6,9,5,6,7,5,9,5,7,4,7,2,8,6
94:8,8,3,8,2,1,4,7,3,3,5,9,8,7,3,4,5,2,1,5,4,6,4,5,9,7,1,4,2,8
95:8,2,7,2,6,9,8,4,1,3,9,6,2,2,8,9,9,8,7,2,9,4,9,9,4,1,7,6,7,3
96:7,5,6,1,7,1,5,3,5,1,3,8,3,7,5,4,4,6,1,4,8,4,4,6,9,9,1,8,9,4
97:8,9,7,3,2,3,7,8,4,6,1,5,8,1,6,7,2,1,7,1,3,9,8,9,9,4,8,1,3,9
98:9,4,3,4,3,2,9,3,5,3,5,3,6,3,2,9,6,3,1,7,7,9,3,9,4,4,6,2,8,8
99:9,8,3,5,4,5,4,5,5,9,1,4,9,4,4,5,5,4,4,4,6,1,5,8,7,5,2,1,5,1
100:7,1,4,3,8,4,6,6,7,3,3,1,4,5,6,8,5,2,3,4,2,1,1,2,5,7,8,8,2,2
101:2,6,8,6,8,9,2,5,3,4,6,3,3,4,8,8,7,9,2,4,7,2,1,8,8,5,8,3,7,7
102:4,7,5,3,6,3,4,8,9,8,7,3,2,1,6,1,6,4,4,7,8,2,7,5,2,9,2,9,6,8
103:4,9,5,4,1,2,4,6,5,5,9,7,4,4,2,7,4,2,4,3,8,2,6,4,4,6,2,5,1,7
104:4,7,7,1,2,5,7,5,4,1,1,8,2,5,3,3,5,5,3,2,1,3,2,9,6,1,2,5,1,6
105:5,1,7,2,6,8,6,9,2,5,2,2,8,3,3,8,6,1,2,9,3,5,8,7,5,5,7,9,2,6
106:3,2,4,8,1,8,3,7,7,4,9,7,7,4,2,5,2,9,1,7,4,3,6,3,3,2,2,9,5,6
107:3,7,4,2,5,9,5,5,5,8,4,2,5,2,8,3,2,3,4,1,1,1,9,6,4,6,2,6,4,5
108:3,1,3,1,8,4,3,8,2,3,6,5,9,9,4,9,8,8,8,5,8,3,6,5,1,3,7,7,5,8
109:9,5,3,1,2,8,4,2,8,1,3,8,3,7,3,7,5,6,5,7,5,5,6,3,8,1,4,1,6,4
110:1,6,7,7,5,9,7,4,9,2,2,4,7,6,9,6,7,2,2,2,1,8,2,1,9,2,5,1,6,2
111:5,8,8,5,6,2,8,7,4,9,1,2,2,4,3,1,1,2,8,8,2,4,5,2,8,9,5,2,9,7
112:8,8,9,4,5,6,6,5,7,8,4,9,1,6,2,3,5,4,4,4,5,7,3,5,6,9,5,7,7,9
113:4,4,9,4,2,7,1,6,1,2,2,7,8,3,9,1,9,7,8,2,7,1,1,7,3,3,9,8,7,1
114:3,7,2,6,9,2,9,6,1,1,5,2,4,7,9,4,2,6,3,5,2,5,4,9,2,5,8,5,3,4
115:3,9,9,3,7,1,8,7,5,3,8,7,8,7,9,5,3,5,4,6,3,3,8,1,9,5,2,1,3,8
116:5,6,1,7,9,4,5,1,2,9,5,5,7,6,1,1,2,2,9,7,1,7,1,1,1,5,3,9,2,5
117:8,7,5,8,1,3,4,2,6,1,4,4,9,6,7,6,4,9,9,3,1,7,2,4,8,2,7,6,3,4
118:2,7,3,1,5,3,9,2,1,1,1,2,6,4,9,2,2,2,4,3,4,1,3,7,3,9,5,8,5,8
119:8,3,3,1,7,8,2,8,4,8,5,6,9,8,4,8,3,7,3,3,5,7,2,3,8,2,6,1,6,4
120:3,6,8,1,5,8,6,5,7,1,5,6,5,4,5,3,6,6,6,3,6,6,9,7,6,6,1,2,9,6
121:2,5,6,9,3,5,7,7,5,1,4,3,2,7,2,1,3,3,7,2,2,2,3,8,5,5,6,1,3,4
122:8,9,5,1,4,9,5,5,4,7,2,2,8,9,4,5,7,1,9,3,9,5,1,2,9,4,1,6,6,6
123:8,8,4,4,2,3,3,7,2,9,3,4,1,8,8,5,8,1,7,6,9,6,4,4,5,1,6,6,7,6
124:5,6,3,9,5,2,6,1,2,1,5,2,8,9,4,6,4,7,4,7,4,2,6,6,6,6,4,3,5,6
125:4,8,1,8,3,5,9,3,9,5,4,8,7,6,6,1,3,5,1,8,7,6,7,4,6,8,1,1,8,4
126:9,2,1,1,6,1,8,1,6,4,3,2,9,8,8,1,5,6,6,4,2,3,3,7,6,2,4,7,7,9
127:7,6,2,7,1,5,3,7,1,6,4,7,5,7,1,6,8,1,5,9,6,6,2,5,3,4,3,2,9,4
128:4,1,6,7,5,9,7,1,4,7,7,7,6,4,7,4,4,2,5,8,9,4,3,2,9,4,6,6,5,6
129:1,2,2,2,7,6,4,9,1,6,1,1,4,3,4,8,2,3,9,4,8,5,9,4,8,3,6,1,6,2
130:8,3,2,7,6,6,7,4,3,5,9,1,9,6,1,7,8,1,1,7,7,7,4,4,7,3,5,7,6,5
131:3,9,6,4,1,4,9,5,1,9,7,3,9,6,9,2,3,5,5,5,8,7,8,5,8,1,8,5,7,9
132:9,4,6,3,2,6,6,5,9,2,6,4,3,1,7,7,5,6,1,2,7,6,5,6,1,5,6,9,6,7
133:7,2,4,1,3,2,5,5,6,1,8,8,5,6,2,7,2,1,4,2,6,6,2,2,2,1,6,6,4,4
134:9,7,1,5,8,5,7,8,4,8,9,3,8,1,9,2,3,8,9,4,3,3,2,6,8,5,8,1,3,2
135:5,7,8,5,8,8,3,5,2,3,8,9,5,1,4,6,7,4,8,7,9,3,4,6,9,8,9,5,1,5
136:5,9,6,3,1,7,7,4,5,2,2,9,7,9,7,4,1,9,7,9,4,4,1,6,1,7,4,1,2,8
137:7,2,5,9,1,4,9,9,7,7,8,8,2,4,1,6,2,7,8,9,7,7,7,5,3,6,5,2,5,7
138:7,5,6,1,7,1,5,3,5,1,3,8,3,7,5,4,3,6,1,4,8,4,4,6,9,9,1,8,9,2
139:7,8,1,8,3,8,8,9,5,6,5,6,3,7,1,4,1,4,6,8,5,1,7,1,9,1,2,9,9,2
140:3,2,8,1,1,1,3,8,6,5,7,3,8,1,4,6,7,2,3,6,8,1,6,2,7,6,4,2,2,7
141:3,8,1,8,6,1,4,7,4,1,2,3,4,8,9,5,2,3,1,4,4,1,7,7,9,1,4,2,6,5
142:2,7,3,1,5,3,9,2,1,1,1,2,6,4,9,2,2,2,4,3,4,4,3,7,3,9,5,8,5,7
143:3,5,8,8,2,7,4,5,5,7,6,7,9,1,2,3,6,3,5,8,6,7,6,7,7,9,8,1,7,2
144:7,2,2,4,5,6,5,7,3,3,2,9,4,1,5,1,9,3,6,1,4,3,8,1,6,6,8,3,2,5
145:4,8,6,6,4,8,3,3,6,3,8,6,7,3,2,1,7,8,8,1,9,4,9,5,6,5,5,6,5,6
146:3,1,9,9,1,1,5,8,9,4,7,9,9,2,1,6,8,7,3,9,7,2,9,4,3,5,2,7,5,3
147:7,8,1,5,1,2,6,7,9,9,3,7,9,4,2,3,4,3,4,7,9,1,9,9,6,5,6,7,6,8
148:7,3,8,3,6,9,6,6,9,8,8,8,7,7,8,8,4,5,8,4,2,3,2,7,1,4,5,3,4,1
149:9,4,3,4,3,2,9,3,5,3,5,3,6,3,2,9,6,3,1,7,7,9,3,9,4,4,6,2,8,3
150:2,7,6,5,6,6,3,7,9,9,5,4,8,6,7,4,3,9,8,3,5,8,2,8,1,4,2,2,9,2
151:8,8,3,8,2,1,5,7,3,3,5,9,8,7,3,4,5,2,1,5,4,6,4,5,9,7,1,4,2,8
152:2,6,9,2,9,9,4,6,7,4,1,3,4,5,2,9,3,8,2,2,9,6,5,3,9,6,2,3,8,3
153:9,6,2,8,1,8,9,5,9,9,8,3,1,7,3,4,5,4,5,8,1,1,6,1,6,5,7,6,9,7
154:7,4,9,2,1,6,7,4,5,2,9,4,3,3,4,5,1,8,5,2,8,2,4,8,1,9,1,7,3,1
155:9,3,4,9,3,6,7,6,1,2,1,4,8,5,3,5,4,6,4,7,1,7,7,4,8,1,6,1,2,5
156:6,9,1,4,4,8,3,5,7,7,3,5,2,9,3,1,8,9,5,3,3,9,3,2,2,3,9,2,3,8
157:1,6,7,7,5,9,7,9,9,2,2,4,7,6,9,6,7,2,2,2,1,8,2,1,9,2,5,1,6,6
158:3,1,3,1,8,4,3,8,2,3,6,5,9,9,4,9,8,8,8,5,8,3,6,5,1,3,7,7,5,4
159:9,2,3,6,7,8,6,3,3,3,3,2,1,7,8,8,4,2,2,7,2,7,6,4,9,3,6,8,4,6
160:5,9,1,6,5,8,9,7,4,3,8,9,5,3,3,6,5,1,3,6,3,1,6,2,7,3,2,4,8,4
161:7,9,9,8,9,2,2,7,3,2,2,7,2,8,9,2,4,6,3,4,1,1,2,8,1,1,4,8,7,3
162:9,6,7,8,4,8,8,7,9,4,7,6,8,6,5,1,8,4,3,6,2,2,2,1,7,6,7,8,3,2
163:9,2,2,4,5,6,5,7,3,3,2,9,4,1,5,1,9,3,6,1,4,3,8,1,6,6,8,3,2,5
164:6,1,5,5,9,8,7,8,9,1,3,1,5,3,2,3,1,9,3,8,6,2,4,4,8,1,8,5,2,4
165:2,8,1,1,6,4,1,7,8,3,4,1,8,9,1,4,4,2,2,3,4,7,1,2,1,1,8,2,4,4
166:1,6,3,5,5,8,2,3,5,5,5,9,2,9,2,9,6,8,8,4,9,3,5,8,3,1,3,7,8,1
167:7,9,2,4,5,7,5,8,2,9,1,6,2,1,1,2,9,4,1,5,4,1,4,6,4,4,2,7,2,1
168:4,4,9,4,2,7,1,6,1,2,2,7,8,3,9,1,9,7,8,2,7,1,1,7,3,3,9,8,7,3
169:6,2,8,8,6,2,9,4,2,6,3,8,8,8,8,1,1,1,3,2,5,1,5,5,8,3,3,1,6,2
170:6,3,7,9,5,9,9,4,6,8,7,5,2,7,6,9,7,3,9,5,3,1,6,4,4,7,3,5,9,4
171:9,1,1,3,5,8,4,6,5,3,2,1,6,6,9,4,8,3,7,6,9,7,1,1,6,1,1,1,5,3
172:3,9,4,9,1,8,9,7,6,9,7,3,1,4,5,1,7,3,5,9,4,7,9,1,5,7,8,7,1,5
173:9,6,1,8,8,9,5,6,5,3,2,8,7,9,6,2,6,7,7,9,6,2,5,6,3,7,2,3,4,6
174:8,5,3,3,8,8,3,5,5,5,3,8,1,4,7,1,4,3,6,2,6,2,4,1,5,2,5,4,3,9
175:8,3,3,8,6,1,3,2,9,8,9,4,5,1,3,4,9,5,4,1,4,6,9,6,9,6,7,2,7,8
176:8,9,6,1,2,1,8,2,2,5,8,9,8,9,6,7,8,7,4,1,1,3,6,1,4,2,9,7,5,6
177:7,5,6,1,7,1,5,3,5,1,3,8,3,7,5,4,3,6,1,4,8,4,4,6,9,9,1,8,9,4
178:1,7,2,8,9,8,3,5,4,5,1,6,2,1,7,7,8,3,9,5,6,8,9,9,5,7,2,3,6,3
179:2,6,3,6,1,1,9,8,3,5,7,1,2,1,7,7,7,2,4,9,3,2,4,4,6,9,6,9,8,9
180:7,9,2,4,5,7,5,8,2,9,1,6,2,1,1,2,9,4,1,5,4,1,4,6,4,4,5,7,2,9
181:3,3,9,5,7,2,4,3,8,7,4,9,3,5,8,3,3,8,8,2,4,9,5,2,2,3,6,6,2,7
182:3,8,6,6,6,9,8,4,9,3,2,5,9,4,5,3,9,6,2,6,8,7,2,2,8,1,6,5,8,6
183:5,8,6,5,1,5,1,1,7,1,9,7,7,3,3,6,4,9,5,1,5,3,5,5,9,3,6,2,9,5
184:3,4,6,6,6,6,9,8,8,9,9,2,8,5,7,9,2,9,1,4,5,8,6,1,8,1,9,7,9,4
185:6,1,7,6,5,6,2,8,5,5,8,3,4,9,5,2,7,2,4,3,8,7,3,8,1,5,3,8,1,5
186:9,7,8,5,5,3,1,6,6,8,4,6,9,9,8,5,9,5,9,3,6,5,1,3,5,2,1,4,1,5
187:7,2,5,9,1,4,9,9,7,7,5,8,2,4,1,6,2,7,8,9,7,7,7,5,3,6,5,2,5,7
188:3,1,4,8,7,5,3,5,9,8,5,1,8,7,9,6,1,6,5,3,6,1,3,3,4,8,8,2,8,6
189:5,5,1,8,4,1,9,3,1,9,9,4,4,2,6,8,8,2,4,7,9,6,2,7,4,6,1,9,1,9
190:1,2,8,8,8,8,2,9,8,7,6,4,3,7,6,2,7,5,6,6,3,6,2,7,6,4,5,6,5,1
191:8,6,5,9,8,4,3,5,3,1,7,4,7,7,2,7,2,2,5,4,4,2,5,4,1,8,3,4,8,8
192:4,7,7,1,2,5,7,5,4,1,1,8,2,5,3,3,5,5,3,2,1,3,2,9,6,1,2,1,1,4
193:5,7,8,4,9,6,9,6,8,2,7,3,8,9,7,2,9,5,9,3,1,5,5,5,2,1,7,5,8,2
194:1,2,3,3,7,7,3,4,3,5,3,1,3,4,9,5,9,7,7,9,5,4,6,9,9,5,4,9,7,7
195:3,7,9,4,8,4,2,1,4,4,4,4,6,4,6,4,7,6,6,7,6,3,5,4,6,9,4,6,2,3
196:9,7,1,5,8,5,7,8,4,8,9,3,8,1,9,2,3,9,9,4,3,3,2,6,8,5,8,1,3,7
197:6,1,5,5,9,8,7,8,9,1,3,1,5,3,2,3,1,9,2,8,6,2,4,4,8,1,8,5,2,7
198:6,8,8,8,9,9,5,9,8,8,2,8,3,8,2,8,5,7,5,1,5,3,9,2,4,4,9,4,3,5
199:1,5,5,5,4,2,6,6,9,6,4,5,2,8,1,5,5,1,1,8,4,3,5,9,8,1,1,9,7,4
200:2,1,3,1,4,9,7,6,2,9,4,8,7,9,2,6,1,1,9,1,6,8,5,3,3,9,7,5,6,9
201:2,7,1,8,3,3,8,1,7,4,5,5,1,6,1,9,7,5,1,6,6,4,3,4,6,4,1,9,3,9
202:6,2,5,6,9,4,6,2,3,9,6,7,3,7,7,7,2,9,9,6,4,1,8,8,8,8,2,7,9,5
203:9,1,5,4,3,6,3,9,2,2,7,7,5,8,9,7,6,7,5,6,8,6,5,9,5,6,2,8,4,2
204:6,7,6,6,9,3,2,4,4,5,8,3,1,9,4,7,7,7,4,7,2,7,8,6,5,8,5,2,8,8
205:9,6,7,8,4,8,8,7,9,4,7,6,8,6,5,1,8,6,3,6,2,2,2,1,7,6,7,8,3,2
206:8,7,3,2,2,5,5,1,2,3,8,5,2,3,2,1,9,6,5,5,5,3,5,3,9,1,1,2,3,2
207:1,4,1,1,6,4,4,7,2,6,5,5,9,4,8,6,3,7,8,3,4,2,6,3,9,2,4,9,4,6
208:6,7,4,6,7,6,8,7,7,8,9,1,1,4,3,2,1,2,5,8,1,7,6,6,2,3,7,2,5,3
209:8,7,3,4,9,7,4,7,6,5,5,8,2,8,2,2,6,9,4,8,4,9,7,7,2,8,6,4,8,8
210:7,7,1,1,6,3,8,7,4,8,6,1,4,5,5,2,5,8,1,6,8,2,4,5,6,5,7,9,3,1
211:1,4,2,6,9,3,9,6,2,5,2,5,8,5,6,9,6,1,5,2,9,6,6,6,5,2,7,3,3,5
212:6,4,4,5,4,9,5,9,2,8,6,2,9,7,9,9,3,9,2,8,8,1,2,4,3,5,9,3,1,9
213:7,8,1,7,7,5,1,8,7,6,7,9,2,2,6,5,8,3,6,8,2,7,9,5,3,9,2,5,7,2
214:1,2,7,9,6,5,7,2,2,9,4,5,2,9,1,9,6,1,4,5,2,1,2,6,8,3,5,9,1,5
215:8,2,5,9,4,6,3,9,9,7,9,8,7,5,2,6,1,7,7,3,6,5,7,9,2,6,7,8,6,9
216:7,3,7,7,8,4,8,3,2,7,5,3,8,2,3,4,2,4,7,9,8,2,3,8,9,2,9,8,4,6
217:4,9,5,3,7,4,8,2,2,2,4,2,3,6,6,1,6,3,5,6,5,1,2,1,3,8,6,3,4,4
218:4,7,8,6,2,4,3,2,9,8,8,8,3,6,8,2,5,7,5,8,4,9,4,4,5,9,3,9,1,9
219:8,5,8,6,4,8,6,6,3,1,6,9,7,5,3,3,5,2,7,8,6,8,3,6,7,5,8,6,7,4
220:8,8,4,4,2,3,3,7,2,9,3,4,1,8,8,5,8,1,7,6,9,6,4,4,5,1,6,5,7,6
221:2,9,4,5,9,2,5,6,4,8,9,4,5,6,4,1,6,8,6,7,5,7,4,7,9,9,7,8,7,1
222:6,1,7,5,6,4,4,2,1,3,5,3,5,4,6,1,5,5,3,1,9,6,4,1,8,8,7,6,9,4
223:2,7,3,1,5,3,9,2,1,1,1,2,6,4,9,2,2,2,4,3,4,4,3,7,3,9,5,8,5,8
224:3,8,9,6,6,1,5,9,7,9,1,2,3,5,1,6,7,4,5,3,6,8,2,3,2,4,4,8,6,4
225:8,7,4,4,1,4,5,2,3,3,1,7,1,6,2,9,8,1,8,7,2,8,1,8,5,1,1,1,1,8
226:1,4,4,3,2,9,2,5,4,3,1,3,3,7,6,2,8,7,7,8,3,7,7,8,1,4,6,2,5,3
227:6,1,7,5,5,4,8,3,2,7,9,9,4,9,1,2,4,7,2,6,5,2,4,1,5,7,3,9,1,2
228:3,4,2,3,5,7,4,1,8,2,5,9,5,3,9,8,7,6,9,9,2,7,8,3,3,2,3,3,4,6
229:2,9,4,4,9,7,5,6,6,8,5,6,3,9,6,9,1,1,9,4,4,3,5,2,3,9,7,1,5,8
230:1,9,4,8,6,4,9,3,3,8,5,3,1,5,4,7,9,2,7,5,2,1,8,1,5,5,9,4,6,4
231:5,8,3,1,1,4,2,3,6,5,1,2,2,1,3,4,5,6,2,4,1,5,7,4,7,2,4,6,6,3
232:1,6,9,8,4,8,9,3,4,8,8,6,6,1,6,5,6,6,7,9,1,8,7,7,7,3,4,5,9,8
233:6,1,7,5,2,4,7,6,3,5,3,2,1,2,3,1,2,2,6,6,8,8,5,6,4,3,1,1,7,4
234:1,6,9,8,4,8,9,3,4,8,8,6,6,1,6,5,6,6,7,9,1,8,7,7,7,3,4,5,9,8
235:2,7,7,7,8,8,8,8,1,5,3,9,9,3,2,6,5,8,5,6,6,3,7,5,3,5,1,1,6,8
236:2,3,7,1,2,3,8,8,4,9,3,8,8,9,1,4,1,2,8,5,8,2,6,9,5,5,3,9,8,6
237:5,6,9,8,3,1,8,8,5,7,1,4,3,6,1,9,4,8,8,9,8,5,9,1,7,3,2,7,7,7
238:3,4,2,3,5,7,4,1,8,2,5,9,5,3,9,8,7,6,9,9,2,7,8,3,3,2,3,3,4,4
239:6,1,3,5,5,4,8,3,2,7,9,9,4,9,1,2,4,7,2,6,5,2,4,1,5,7,3,9,1,2
240:3,6,1,9,3,2,5,2,2,4,9,1,3,1,7,4,1,3,8,7,9,7,7,8,6,1,6,6,8,8
241:4,9,1,4,8,2,5,1,8,6,9,8,1,8,4,4,9,8,8,3,3,1,9,9,9,2,7,6,1,5
242:3,1,4,7,4,5,9,1,9,2,1,6,4,2,5,1,8,4,4,2,6,9,4,5,5,5,8,2,3,8
243:4,9,5,5,3,2,7,7,8,1,2,1,2,3,5,6,8,5,9,2,3,6,2,2,6,7,9,7,2,2
244:8,5,7,9,7,2,4,6,1,6,9,3,2,5,4,4,1,8,2,4,9,7,4,4,8,5,5,1,7,2
245:3,4,3,3,5,9,2,2,6,2,1,5,9,6,6,5,8,5,9,1,5,6,9,3,4,2,1,9,2,9
246:9,1,5,7,8,7,5,7,9,5,2,3,5,6,2,6,8,6,8,1,7,9,9,4,9,1,4,7,7,2
247:7,1,1,4,5,7,6,2,6,2,9,6,5,2,9,8,9,7,1,2,2,1,8,5,8,2,7,1,7,1
248:6,2,4,3,7,9,1,5,3,5,8,8,3,8,8,6,7,4,4,9,4,3,8,5,9,5,4,9,5,2
249:6,7,4,6,7,6,8,7,7,8,9,1,1,4,3,1,1,2,5,8,1,7,6,6,2,3,7,2,5,4
250:5,3,4,4,9,3,8,3,6,2,5,1,8,1,6,3,2,4,8,2,1,4,5,6,8,5,1,1,1,4
251:3,5,1,2,1,9,8,5,1,8,2,2,3,3,6,1,8,1,4,4,5,4,1,1,4,5,1,9,5,7
252:6,5,7,5,6,4,4,2,1,3,5,3,5,4,6,1,5,5,3,1,9,6,4,1,8,8,7,6,9,4
253:7,8,1,7,7,5,1,8,7,6,7,9,2,2,6,5,7,3,6,8,2,7,9,5,3,9,2,5,7,4
254:7,6,7,3,5,6,9,2,9,7,3,1,1,4,3,9,7,9,3,9,7,6,2,7,1,1,8,1,6,8
255:3,9,9,3,7,1,8,7,5,3,8,7,8,7,9,5,3,5,4,6,3,3,8,1,9,5,2,1,3,4
256:9,2,1,8,1,6,7,9,2,9,8,6,8,7,3,7,2,7,8,9,3,6,1,5,6,6,6,2,3,7
257:1,5,8,8,8,1,8,4,7,9,2,8,5,9,8,5,9,5,4,4,8,2,8,1,7,6,5,6,1,7
258:4,8,1,7,4,3,4,5,7,7,6,6,9,6,3,9,7,5,8,9,5,9,9,4,9,1,5,1,3,8
259:1,6,3,5,5,8,2,3,5,5,5,9,2,9,2,9,6,8,8,4,9,3,5,8,3,1,3,7,8,9
260:4,3,8,3,9,9,8,4,9,1,6,4,4,1,1,6,7,2,3,7,6,9,6,6,3,8,6,1,7,2
261:3,1,3,3,5,4,8,9,4,7,7,3,9,3,7,4,1,6,3,4,8,4,5,6,7,3,9,8,2,3
262:7,5,1,7,5,3,1,5,4,7,3,7,9,6,7,2,7,9,7,5,6,7,6,3,8,8,7,1,8,5
263:7,7,2,5,7,9,5,9,4,8,9,6,7,4,6,4,5,3,7,2,7,4,1,9,6,7,9,9,6,3
264:7,8,1,5,1,2,6,7,9,9,3,7,9,4,2,3,4,3,4,7,9,1,9,9,6,5,6,4,6,8
265:1,6,9,8,4,8,9,3,4,8,8,6,6,1,6,5,6,6,7,9,1,8,7,7,7,3,4,5,9,8
266:6,9,5,9,5,8,4,5,3,6,9,9,3,5,8,4,4,3,2,1,7,3,3,8,2,7,2,2,3,7
267:8,8,8,4,2,3,4,2,9,3,6,3,2,3,3,9,8,1,4,3,6,5,2,2,5,4,1,4,9,4
268:6,1,3,1,9,9,8,4,2,3,3,8,6,2,4,2,6,1,7,6,9,7,3,9,9,5,8,9,5,8
269:6,2,1,5,8,8,7,6,5,8,7,7,7,7,7,5,5,6,5,5,6,5,6,1,9,1,4,1,3,5
270:2,3,9,2,4,6,2,6,2,7,9,5,3,5,8,3,2,1,3,2,4,4,9,3,4,1,3,5,3,2
271:5,7,4,7,4,7,3,9,4,4,8,3,5,2,7,6,8,1,5,1,1,5,1,2,9,5,9,9,5,6
272:9,3,6,7,9,9,8,4,5,9,5,5,7,6,8,2,7,6,4,6,1,1,2,8,7,1,5,5,9,7
273:5,7,6,3,1,7,7,4,5,2,2,9,7,9,7,4,1,9,7,9,4,4,1,6,1,7,4,1,2,8
274:5,7,7,1,3,6,8,3,2,6,7,9,5,1,3,5,7,9,6,9,9,6,2,1,5,6,5,7,6,8
275:9,3,3,5,3,1,4,9,4,9,7,6,3,6,9,6,6,5,6,2,2,7,7,4,5,8,8,7,6,3
276:2,5,2,4,9,8,2,8,1,1,3,4,2,1,2,7,8,8,9,2,7,3,3,3,6,3,7,7,3,8
277:7,9,8,3,2,7,1,1,2,4,4,5,7,8,3,4,6,1,7,4,1,6,3,1,6,7,5,7,6,9
278:2,4,5,6,1,2,1,1,4,7,6,9,4,3,8,6,1,8,2,6,2,4,5,7,7,5,2,8,7,7
279:3,7,2,6,9,7,9,6,1,1,5,2,4,7,9,4,2,6,3,5,2,5,4,9,2,5,8,5,3,1
280:8,9,7,3,2,3,7,8,4,6,1,5,8,1,6,7,2,1,7,1,3,9,8,3,9,4,8,1,3,9
281:7,1,4,3,2,4,6,6,7,3,3,1,4,5,6,8,5,2,3,4,2,1,1,2,5,7,8,8,2,2
282:7,6,8,5,5,7,2,6,2,1,9,7,7,9,1,1,5,8,8,9,3,1,8,5,2,8,1,6,2,6
283:9,2,1,1,6,1,8,1,6,4,3,2,9,8,8,1,5,6,6,4,2,3,3,7,6,2,4,7,7,1
284:9,7,8,5,5,3,1,6,6,8,4,6,9,9,8,5,9,5,9,3,6,5,1,3,5,2,1,4,1,6
285:4,8,3,7,6,9,2,7,6,5,8,6,6,6,7,9,9,3,2,5,4,7,3,1,5,4,7,7,9,7
286:7,5,1,7,4,3,1,5,4,7,3,7,9,6,7,2,7,9,7,5,6,7,6,3,8,8,7,1,8,1
287:5,9,6,7,5,8,4,1,9,1,8,4,9,1,1,2,8,3,4,5,8,5,1,1,6,7,2,2,4,1
288:8,4,5,2,8,5,4,4,2,9,4,7,2,3,6,8,2,4,5,2,5,3,1,5,2,2,1,8,7,5
289:7,5,7,5,1,3,6,9,5,9,7,2,5,9,8,5,9,4,8,1,9,6,8,6,5,9,3,8,1,3
290:4,5,2,2,7,9,4,5,7,8,3,7,5,3,4,3,4,9,4,9,1,8,3,4,9,1,1,9,4,7
291:4,1,6,7,5,9,7,1,4,7,7,7,6,4,7,4,4,2,5,8,9,4,3,6,9,4,6,6,5,6
292:4,3,3,5,5,3,2,4,3,5,5,8,4,6,8,8,8,8,5,1,6,2,3,9,8,5,3,3,6,6
293:3,6,5,8,9,6,9,6,2,4,9,5,5,4,6,6,8,5,7,5,8,9,1,2,9,6,1,2,1,7
294:4,1,5,6,5,5,6,3,6,6,8,5,9,8,3,7,4,6,4,7,7,9,2,1,3,6,1,6,7,3
295:2,1,6,9,3,2,6,9,8,4,4,4,9,1,5,4,2,7,4,8,2,2,4,7,4,8,8,2,4,4
296:8,7,3,4,9,7,4,7,6,5,5,8,2,8,2,2,6,9,4,8,4,9,7,7,5,8,6,4,8,8
297:8,5,4,2,8,4,9,3,1,3,7,8,5,6,4,1,5,9,8,9,5,2,7,9,4,7,4,1,4,2
298:3,7,5,2,4,6,8,1,2,1,2,4,3,9,2,7,2,2,9,9,4,1,6,1,8,4,1,3,1,7
299:6,3,4,9,8,6,5,8,6,8,1,7,5,8,7,9,4,5,2,6,5,7,2,8,6,5,5,3,5,3
300:5,3,4,4,9,3,8,3,6,2,5,1,6,1,6,3,2,4,8,2,1,4,5,6,8,5,1,1,1,4
301:3,2,6,7,3,7,4,1,9,7,1,9,9,9,9,8,9,1,9,8,5,3,5,4,4,9,4,5,3,1
302:9,5,3,1,2,8,4,2,8,1,3,8,3,7,3,7,5,6,5,7,5,5,5,3,8,1,4,1,6,3
303:6,9,5,9,5,8,4,5,3,6,9,9,3,6,8,4,4,3,2,1,7,3,3,8,2,7,2,2,3,7
304:4,3,4,5,7,1,5,6,3,6,4,4,4,9,7,8,3,5,9,3,9,6,9,1,7,3,7,9,5,5
305:7,2,2,6,5,3,4,7,2,7,5,1,2,9,7,5,4,8,9,3,2,5,2,7,7,3,3,6,5,5
306:6,3,5,5,1,3,9,6,8,7,6,8,2,8,2,4,8,2,3,7,4,5,2,5,3,9,1,5,1,8
307:3,9,6,3,7,1,8,7,5,3,8,7,8,7,9,5,3,5,4,6,3,3,8,1,9,5,2,1,3,8
308:3,9,7,7,3,1,7,9,6,5,9,8,2,6,4,4,9,9,5,1,7,3,1,3,9,6,8,3,5,3
309:4,2,3,5,7,4,8,8,9,1,4,6,8,1,8,8,8,2,3,9,3,2,1,4,5,1,9,6,6,3
310:8,8,4,4,2,3,3,7,2,9,3,4,1,8,8,5,8,1,7,6,9,6,4,4,5,1,6,6,7,4
311:4,7,8,6,2,4,3,2,9,8,8,8,3,6,8,2,5,7,5,8,4,9,4,4,5,9,3,9,1,9
312:4,5,2,7,2,2,2,6,3,1,1,5,7,6,9,1,2,7,3,3,1,3,1,2,1,6,9,6,6,4
313:4,2,3,5,6,4,8,8,9,1,4,6,8,1,8,8,8,2,3,9,3,2,1,4,5,1,9,6,6,1
314:6,2,1,4,6,7,5,9,3,6,2,4,8,8,9,1,8,1,5,3,4,7,6,6,6,9,9,9,8,8
315:1,8,5,7,8,4,8,9,2,2,4,4,7,8,4,1,8,5,7,7,2,4,4,4,5,4,7,1,5,2
316:5,1,9,1,6,3,6,1,1,1,7,8,3,5,1,8,2,2,5,6,9,3,2,6,1,5,7,1,6,3
317:3,5,5,4,5,2,6,9,2,7,5,3,8,2,5,7,9,8,4,1,2,6,4,9,7,7,8,1,5,9
318:6,9,5,9,5,8,4,5,3,6,9,9,3,6,8,4,4,3,2,1,7,3,3,8,2,7,2,2,3,7
319:7,6,8,9,6,7,7,3,1,6,2,5,1,1,2,6,8,5,1,3,4,6,7,7,6,5,3,3,9,6
320:2,5,5,3,5,4,2,7,3,8,3,3,3,3,7,8,1,7,7,7,3,7,3,1,8,2,5,4,8,2
321:2,6,7,7,4,4,4,8,5,1,4,4,4,5,3,3,2,9,1,8,1,5,4,6,9,8,1,7,9,6
322:2,5,5,3,5,4,2,7,3,8,3,3,3,3,7,8,1,7,7,7,3,7,3,1,8,9,5,4,8,3
323:2,9,6,8,9,7,7,9,6,9,4,9,1,5,1,1,7,3,3,6,2,6,9,7,6,9,2,3,3,3
324:1,6,9,9,4,1,6,4,3,4,9,9,1,9,1,7,6,5,6,4,1,3,5,5,7,4,8,2,1,6
325:8,4,2,2,1,7,8,8,9,7,2,9,5,8,5,9,8,7,6,4,8,5,3,4,2,3,1,3,4,6
326:3,6,5,5,3,9,8,5,3,2,4,5,9,4,2,1,8,7,2,3,7,5,1,1,6,4,7,8,6,9
327:6,3,5,5,1,3,9,6,8,7,6,8,2,8,7,4,8,2,3,7,4,5,2,5,3,9,1,5,1,8
328:7,8,1,7,7,5,1,8,7,6,7,9,2,2,6,5,7,3,6,8,2,7,9,5,3,9,2,5,7,2
329:7,9,8,9,9,2,5,2,5,1,9,7,7,6,9,6,3,5,4,2,9,1,9,4,3,6,6,5,7,7
330:7,7,1,2,5,6,2,4,3,1,3,6,5,4,2,4,4,6,7,7,1,3,1,3,3,6,6,4,8,2
331:3,7,4,2,5,9,5,5,5,8,4,2,5,2,8,3,2,3,4,1,1,8,9,6,4,6,2,6,4,5
332:9,3,2,1,6,9,5,4,4,8,4,7,9,8,6,5,7,5,4,5,1,9,8,4,6,2,4,7,3,7
333:9,1,5,7,8,7,5,3,9,5,2,3,5,6,2,6,8,6,8,1,7,9,9,4,9,1,4,7,7,2
334:4,5,1,6,7,9,5,3,8,4,5,7,8,8,1,6,2,8,1,8,2,7,9,3,6,8,9,8,6,2
335:5,6,9,8,3,1,8,8,5,7,1,4,3,6,1,9,4,8,8,9,8,5,9,1,7,3,8,7,7,7
336:3,1,4,4,4,2,2,7,3,3,9,8,7,3,7,9,7,7,2,9,4,8,4,4,1,9,2,6,1,6
337:1,3,6,8,3,8,1,1,4,4,8,9,2,3,5,7,8,4,8,1,2,1,6,6,9,5,3,1,1,3
338:7,6,8,9,9,2,5,2,5,1,9,7,7,6,9,6,3,5,4,2,9,1,9,4,3,6,6,5,7,7
339:2,2,6,6,4,7,1,8,3,3,2,8,8,1,5,8,3,5,3,6,9,4,5,2,1,2,9,6,4,6
340:1,5,5,5,4,2,6,6,9,6,4,5,2,8,1,5,5,1,1,8,4,3,1,9,8,1,1,9,7,4
341:7,3,7,7,8,4,8,3,2,7,5,3,8,2,3,4,2,4,7,9,8,2,3,8,9,2,9,8,4,5
342:4,9,5,6,2,4,1,3,9,2,2,9,1,8,5,8,6,7,3,6,3,1,4,3,8,2,6,9,5,9
343:6,1,4,2,7,5,7,7,4,5,6,7,4,3,3,9,7,6,6,4,1,8,4,6,9,6,7,2,4,7
344:9,2,5,4,4,4,9,9,8,1,7,7,1,7,6,8,8,1,1,2,5,9,3,1,9,6,9,8,7,1
345:8,5,3,6,8,8,3,5,5,5,3,8,1,4,7,1,4,3,6,2,6,2,4,1,5,2,5,4,3,6
346:4,9,5,3,7,4,8,2,2,2,4,2,3,6,6,1,6,3,6,6,5,1,2,1,3,8,6,3,4,2
347:7,4,5,4,9,9,2,7,2,4,3,2,8,4,4,6,8,5,5,8,5,4,8,5,4,6,6,8,6,6
348:8,2,5,9,4,6,3,9,9,7,9,8,7,5,2,6,1,7,7,3,6,5,7,9,2,6,7,8,6,1
349:5,7,4,7,4,7,3,9,4,4,8,3,5,2,7,6,8,1,5,1,1,5,1,2,9,5,9,9,5,6
350:3,9,4,6,7,7,9,1,6,6,2,4,4,4,1,4,9,8,9,7,2,8,2,5,6,5,3,1,8,3
351:1,4,1,4,6,1,5,4,4,4,4,7,9,6,4,9,3,6,6,5,9,8,3,2,4,2,4,8,7,7
352:1,6,5,3,3,7,8,7,9,4,5,6,4,1,7,5,9,5,2,4,4,5,1,2,6,5,3,9,5,8
353:9,8,9,2,6,5,1,2,1,9,7,2,8,4,7,7,7,7,4,8,8,5,3,8,8,9,2,7,8,1
354:5,3,5,3,7,3,1,6,7,3,8,8,1,9,1,2,6,5,7,6,4,1,4,2,2,3,5,2,7,3
355:2,1,2,1,7,1,8,3,6,2,1,9,2,6,9,1,7,3,7,3,2,1,3,3,3,1,5,3,4,5
356:8,5,3,3,8,8,3,5,5,5,3,8,1,4,7,1,4,3,6,2,6,2,4,1,5,2,5,4,3,6
357:6,3,5,5,1,3,9,6,8,7,6,8,2,8,2,4,8,2,3,7,4,5,2,5,3,9,1,5,1,8
358:6,9,9,7,7,6,9,4,4,9,8,6,7,5,4,5,1,6,2,3,9,2,8,1,2,3,6,8,5,7
359:6,9,6,1,4,4,4,7,5,5,9,2,9,2,4,3,9,7,1,3,3,4,6,7,2,2,7,2,1,6
360:8,8,8,5,4,3,5,4,6,8,8,9,6,6,1,5,2,3,9,1,2,6,8,7,4,5,3,6,1,5
361:2,4,5,6,1,2,1,1,4,7,6,9,4,3,8,6,1,8,2,6,2,4,5,7,7,5,2,3,7,7
362:5,9,1,6,5,8,9,7,4,3,8,9,5,3,3,6,5,1,3,6,3,1,6,2,7,3,2,4,8,4
363:2,6,7,7,4,4,4,8,5,1,4,4,4,5,3,3,2,9,1,8,1,5,4,6,9,8,1,7,9,2
364:6,6,5,2,8,1,3,9,8,9,7,5,1,5,2,6,4,7,6,7,1,2,5,1,4,5,5,1,9,1
365:7,9,2,4,5,7,5,8,2,9,1,6,2,1,1,2,9,4,1,5,4,1,4,6,4,4,5,7,2,1
366:7,8,7,1,7,3,1,7,4,6,7,3,2,6,3,8,7,7,2,5,3,9,1,6,1,1,5,1,8,3
367:8,7,1,6,1,8,1,4,7,5,9,4,5,6,6,6,8,2,7,6,2,5,4,5,2,2,6,1,4,1
368:1,2,8,2,1,2,6,3,4,5,7,1,7,2,6,5,1,3,4,2,3,2,2,2,2,5,2,1,4,1
369:4,1,2,7,1,5,2,6,9,1,3,6,2,2,7,7,7,3,5,2,8,2,8,2,8,4,1,1,9,7
370:3,7,5,2,4,6,8,1,2,1,2,4,3,3,2,7,2,2,9,9,4,1,6,1,8,4,1,3,1,7
371:9,1,1,9,2,1,4,6,5,6,7,5,3,8,5,6,6,4,1,7,3,3,9,5,3,8,2,7,1,1
372:3,3,1,5,2,9,5,6,8,6,3,8,6,9,8,2,5,2,5,4,3,3,6,8,6,8,5,2,4,5
373:4,9,5,3,7,4,8,2,2,2,4,2,3,6,6,1,6,3,6,6,5,1,2,1,3,8,6,3,4,4
374:5,7,5,7,2,1,5,6,4,6,4,9,2,6,8,3,8,1,2,1,3,3,3,2,1,1,8,4,4,4
375:1,6,5,1,9,6,8,8,5,2,2,8,9,7,5,5,8,2,7,2,9,5,4,8,5,5,6,3,2,2
376:1,2,7,3,4,3,9,4,8,8,8,6,7,7,9,5,5,4,2,4,9,4,8,3,8,1,6,3,3,5
377:9,2,5,4,4,4,9,9,8,1,7,7,1,7,6,8,8,1,1,2,5,9,3,1,9,6,9,8,7,7
378:4,8,1,7,4,3,4,5,7,3,6,6,9,6,3,9,7,5,8,9,5,9,9,4,9,1,5,1,3,3
379:3,1,4,4,4,2,2,7,3,3,9,8,7,3,7,9,7,7,2,9,4,7,4,4,1,9,2,6,1,5
380:1,8,5,7,8,4,8,9,2,2,4,4,7,8,4,1,8,5,7,7,2,4,4,4,5,4,4,1,5,2
381:4,2,3,5,6,4,8,8,9,1,4,6,8,1,8,8,8,2,3,9,3,2,1,4,5,1,9,6,6,3
382:4,9,2,6,4,8,9,6,1,7,4,3,3,3,4,9,3,4,8,6,1,7,6,5,3,6,1,8,1,1
383:7,7,4,9,2,1,8,5,6,8,8,7,2,6,3,8,7,3,7,5,5,3,3,9,4,3,1,1,7,3
384:3,9,6,4,1,4,9,5,1,9,7,3,9,6,9,2,3,5,5,5,8,7,8,5,8,1,8,5,7,5
385:3,1,6,6,9,5,5,8,7,5,5,3,4,2,8,5,9,7,5,4,4,5,7,7,9,4,9,9,4,7
386:2,9,4,3,9,7,7,6,7,8,1,3,2,5,4,2,1,7,3,5,4,5,8,7,1,6,7,6,7,3
387:6,6,5,2,8,1,3,9,2,9,7,5,1,5,2,6,4,7,6,7,1,2,5,1,4,5,5,1,9,1
388:6,2,1,6,3,9,7,7,2,1,1,8,7,9,8,2,3,1,9,5,4,8,3,5,6,1,1,9,9,6
389:6,9,1,6,5,2,9,4,8,4,4,5,3,9,7,7,7,8,5,1,2,5,5,3,8,1,7,5,5,9
390:6,6,5,2,8,1,3,9,2,9,7,5,1,5,2,6,4,7,6,7,1,2,5,1,4,5,5,1,9,1
391:6,1,5,5,9,8,7,8,9,1,3,1,5,3,2,3,1,9,2,8,6,2,4,4,8,1,8,5,2,4
392:4,8,3,9,5,7,9,9,4,3,3,3,2,8,7,5,9,8,2,3,1,7,9,1,3,3,2,5,9,7
393:3,1,3,3,5,4,8,9,4,7,7,3,9,3,7,4,1,6,3,4,8,4,5,6,7,3,9,8,2,3
394:2,7,7,9,1,7,3,2,8,4,2,3,3,2,7,8,6,5,6,2,1,4,5,8,5,2,7,3,8,1
395:9,2,1,1,6,1,8,1,6,4,3,2,9,8,8,1,5,6,6,4,2,3,3,7,6,2,4,7,7,1
396:5,5,8,9,2,9,2,7,4,3,3,2,3,8,3,4,2,6,9,3,3,7,3,8,7,9,2,3,1,5
397:7,2,4,9,8,7,4,1,6,2,2,7,3,2,6,5,2,6,6,9,7,6,6,2,1,2,5,4,3,2
398:2,7,1,8,3,3,8,1,7,4,5,5,1,6,6,9,7,5,1,6,6,4,3,4,6,4,1,9,3,9
399:4,8,1,7,4,3,4,5,7,3,6,6,9,6,3,9,7,5,8,9,5,9,9,4,9,1,5,1,3,8
400:6,3,4,9,8,3,5,8,6,8,1,7,5,8,7,9,4,5,2,6,5,7,2,8,6,5,5,3,5,3
401:8,1,9,5,9,2,8,6,2,3,3,9,3,7,4,7,6,9,7,2,2,3,8,3,8,5,6,2,9,1
402:3,9,6,4,1,4,9,5,1,9,7,3,9,6,9,2,3,5,5,5,8,7,8,5,8,6,8,5,7,5
403:9,2,5,4,4,4,9,9,8,1,7,7,1,7,6,8,8,1,1,2,5,6,3,1,9,6,9,8,7,7
404:9,5,8,3,7,9,8,7,9,8,9,5,3,8,9,1,7,7,9,9,2,1,5,4,2,6,2,4,5,7
405:6,4,3,8,6,2,1,8,8,5,2,2,2,9,3,7,7,7,7,9,3,4,2,1,7,7,7,5,3,7
406:7,1,2,7,8,3,9,3,4,4,9,6,4,1,7,9,9,8,8,5,2,4,3,2,8,4,3,3,6,3
407:7,8,3,4,6,1,9,2,5,1,9,6,6,1,7,5,9,3,8,6,7,2,4,6,7,8,8,1,8,5
408:2,8,7,1,7,3,1,7,4,6,7,3,2,6,3,8,7,7,2,5,3,9,1,6,1,1,5,1,8,1
409:2,9,6,8,9,7,7,9,6,1,4,9,1,5,1,1,7,3,3,6,2,6,9,7,6,9,2,3,3,1
410:2,6,7,7,7,4,4,8,5,1,4,4,4,5,3,3,2,9,1,8,1,5,4,6,9,8,1,7,9,6
411:3,8,9,2,4,5,2,2,1,6,9,8,4,7,8,3,8,2,5,8,2,3,6,6,3,1,4,9,2,9
412:9,2,5,3,4,8,8,3,5,2,5,5,6,2,3,9,1,4,9,4,8,8,9,6,7,9,4,8,5,4
413:1,6,8,5,5,8,2,3,5,5,5,9,2,9,2,9,6,8,8,4,9,3,5,8,3,1,3,7,8,9
414:5,6,9,1,9,4,3,8,7,4,2,5,3,2,2,4,7,7,6,5,9,1,7,8,5,6,3,1,2,1
415:1,2,8,8,8,8,2,9,8,7,6,4,3,7,6,2,7,5,6,6,3,6,2,7,6,4,5,6,5,9
416:4,3,3,5,5,3,2,4,3,5,5,8,4,6,8,8,8,8,5,1,6,2,3,9,8,5,3,3,6,9
417:2,7,1,8,3,3,8,1,7,4,5,5,1,6,1,9,7,5,1,6,6,4,3,4,6,4,1,9,3,9
418:1,6,9,9,4,1,6,4,3,4,9,9,1,9,1,7,6,5,6,4,1,3,5,5,7,4,8,2,1,8
419:7,5,1,7,5,3,1,5,4,7,3,7,9,6,7,2,7,9,7,5,6,7,6,3,8,8,7,1,8,1
420:8,7,1,6,1,8,1,4,7,5,9,4,5,6,6,6,8,2,7,6,2,5,4,5,2,2,6,1,4,3
421:5,6,9,1,9,4,3,8,7,4,2,5,3,2,2,4,7,7,6,5,9,1,7,8,5,6,3,1,2,3
422:6,3,4,9,8,3,5,8,6,8,1,7,5,8,7,9,4,5,2,6,5,7,2,8,6,5,5,3,5,3
423:9,5,5,4,2,6,1,8,1,9,1,1,6,7,6,5,6,6,1,7,8,3,8,6,6,8,9,5,5,3
424:5,5,1,8,8,3,3,7,9,1,3,9,5,5,3,1,8,8,1,7,5,2,6,4,2,6,1,7,3,1
425:2,5,2,4,9,8,2,8,1,1,3,4,2,1,2,7,8,8,9,2,7,3,3,3,6,3,7,7,3,3
426:3,1,4,4,4,2,2,7,3,3,9,8,7,3,7,9,7,7,2,9,4,8,4,4,1,9,2,6,1,5
427:8,3,3,1,7,8,2,8,4,8,5,6,9,8,4,8,3,7,3,3,5,7,2,3,8,2,6,1,6,2
428:4,5,2,7,2,2,2,6,3,1,1,5,7,6,9,1,2,7,3,3,1,3,1,2,1,6,9,6,5,8
429:7,8,1,4,5,7,9,1,8,9,2,8,8,2,7,7,6,6,8,5,2,4,3,5,3,5,7,6,6,1
430:3,7,9,4,8,1,2,1,4,4,4,4,6,4,6,4,7,6,6,7,6,3,5,4,6,9,4,6,2,3
431:3,7,5,1,2,9,4,5,9,3,4,5,3,4,9,6,4,6,1,4,3,4,4,7,1,8,5,8,1,8
432:5,6,8,1,6,3,3,2,8,5,1,2,4,9,9,9,6,5,6,3,7,8,8,5,1,8,2,7,3,3
433:6,1,3,5,5,4,8,3,2,7,9,9,4,9,1,2,4,7,2,6,5,2,4,1,5,7,3,9,1,2
434:9,5,5,9,9,9,4,9,7,6,6,5,1,2,2,7,6,4,9,2,6,6,9,8,8,4,2,7,3,6
435:6,6,8,5,8,6,5,8,9,4,2,6,8,5,3,4,7,3,6,8,6,9,6,7,7,6,9,2,1,3
436:6,6,5,8,1,2,2,3,5,4,2,7,7,1,2,3,9,6,2,2,5,1,4,7,8,9,3,7,2,9
437:4,4,9,4,2,7,1,6,1,2,2,7,8,3,9,1,9,7,8,5,7,1,1,7,3,3,9,8,7,3
438:6,2,1,3,5,6,9,8,1,6,6,3,4,8,5,7,6,3,8,6,4,3,7,8,2,6,5,9,8,2
439:5,4,7,6,8,6,4,3,3,7,1,9,6,8,2,5,4,4,5,5,8,2,4,1,6,5,7,7,1,4
440:4,3,8,4,8,6,4,1,7,7,4,8,4,1,8,4,5,5,7,1,1,3,8,4,1,7,5,2,9,7
441:3,7,4,2,5,9,5,5,5,8,4,2,5,2,8,3,2,3,4,1,1,8,9,6,4,6,2,6,4,7
442:3,5,4,8,3,7,5,1,3,6,9,8,6,8,4,2,6,7,4,2,3,8,5,5,1,5,7,8,1,8
443:5,6,7,5,5,9,4,8,1,2,7,5,4,2,6,9,4,8,9,8,4,3,2,2,4,7,1,1,8,6
444:7,4,6,5,7,9,6,5,3,7,3,9,1,4,9,6,9,6,1,5,9,8,4,8,1,4,9,8,2,2
445:1,2,8,8,8,8,2,9,8,7,6,4,3,7,6,2,7,5,6,6,3,6,5,7,6,4,5,6,5,1
446:2,4,4,3,8,6,6,5,3,8,4,9,8,8,4,4,2,8,2,3,2,6,6,7,4,4,1,4,2,4
447:9,8,1,9,7,3,2,4,6,4,4,7,2,1,2,9,1,4,1,8,6,9,2,2,5,3,6,2,2,6
448:4,1,2,7,1,5,2,6,9,1,3,6,2,2,7,7,7,3,5,2,8,2,8,2,8,4,1,1,9,1
449:9,5,3,1,2,8,4,2,8,1,3,8,3,7,3,7,5,6,5,7,5,5,5,3,8,1,4,1,6,4
450:7,3,8,3,6,9,6,6,9,8,8,8,7,7,8,4,4,5,8,4,2,3,2,7,1,4,5,3,4,2
451:8,9,4,6,9,7,4,5,3,1,3,1,3,4,6,7,4,9,9,2,9,7,6,5,7,8,8,9,3,5
452:2,6,8,6,8,9,2,5,3,4,6,3,3,4,8,8,7,8,2,4,7,2,1,8,8,5,8,3,7,7
453:5,7,6,3,1,7,7,4,5,2,2,9,7,9,7,4,1,9,7,9,4,4,1,6,1,7,4,1,2,4
454:5,4,9,8,4,6,8,6,4,1,9,3,8,2,1,9,7,1,3,1,6,6,3,2,2,2,3,6,4,9
455:7,5,9,1,7,4,1,2,5,4,1,3,5,2,1,3,4,2,2,9,9,4,7,1,1,8,9,5,2,5
456:3,5,5,4,5,2,6,9,2,7,5,3,8,2,5,7,9,8,4,1,2,6,4,2,7,7,8,1,5,9
457:1,2,6,3,7,7,3,4,3,5,3,1,3,4,9,5,9,7,7,9,5,4,6,9,9,5,4,9,7,9
458:2,7,7,7,8,8,8,8,5,5,3,9,9,3,2,6,5,8,5,6,6,3,7,5,3,5,1,1,6,8
459:2,8,7,1,7,3,1,7,4,6,7,3,2,6,3,8,7,7,2,5,3,9,1,6,1,1,5,1,8,3
460:7,2,5,9,1,4,9,9,7,7,8,8,2,4,1,6,2,7,8,9,7,7,7,5,3,6,5,2,5,5
461:8,6,2,9,9,2,7,9,8,5,3,6,9,4,2,1,5,1,7,4,9,5,2,5,8,7,9,3,8,6
462:5,9,9,8,2,2,7,9,2,3,9,6,5,9,3,4,9,8,9,2,3,6,5,3,9,2,9,5,6,9
463:3,4,8,1,8,8,3,8,8,3,5,1,9,1,4,4,6,6,5,7,2,1,4,4,8,4,5,5,9,1
464:4,4,5,7,5,1,8,1,7,6,8,3,5,2,4,6,5,5,3,1,7,9,6,9,9,7,2,3,9,5
465:2,5,2,4,9,8,2,8,1,1,3,4,2,1,2,7,8,8,9,2,7,3,3,3,6,3,7,1,3,8
466:7,8,1,5,1,2,6,7,9,9,3,7,9,4,2,3,4,3,4,7,9,1,9,9,6,5,6,4,6,6
467:7,7,4,9,2,1,8,5,6,8,8,7,2,6,6,8,7,3,7,5,5,3,3,9,4,3,1,1,7,3
468:9,7,6,4,8,4,7,8,9,1,3,4,4,3,5,4,4,3,5,5,5,1,6,5,9,1,7,2,5,7
469:3,4,3,3,5,9,2,9,6,2,1,5,9,6,6,5,8,5,9,1,5,6,9,3,4,2,1,9,2,7
470:8,7,1,9,8,7,2,4,3,5,5,5,2,7,7,9,1,1,6,8,6,4,5,9,5,4,3,8,8,1
471:5,9,1,6,5,8,9,7,4,3,8,9,5,3,3,6,5,1,3,6,3,1,6,2,7,3,2,4,8,4
472:7,7,4,9,2,1,8,5,6,8,8,7,2,6,3,8,7,3,7,5,5,3,3,9,4,3,1,1,7,6
473:5,5,4,5,8,7,6,2,2,2,1,7,7,5,4,5,2,4,2,2,9,2,4,7,2,3,1,6,7,5
474:2,6,4,7,8,6,4,4,8,1,5,7,2,8,8,5,9,7,5,8,2,9,2,4,5,1,6,4,6,2
475:4,1,2,7,7,5,2,6,9,1,3,6,2,2,7,7,7,3,5,2,8,2,8,2,8,4,1,1,9,1
476:7,1,4,3,8,4,6,6,7,3,3,1,4,5,6,8,5,2,3,4,2,1,1,2,5,7,8,8,2,9
477:4,9,5,3,3,2,7,7,8,1,2,1,2,3,5,6,8,5,9,2,3,6,2,2,6,7,9,7,2,2
478:4,5,2,7,2,2,2,6,3,1,1,5,7,6,9,1,2,7,3,3,1,3,1,2,1,6,9,6,5,4
479:3,7,5,2,4,6,8,1,2,1,2,4,3,9,2,7,2,2,9,9,4,1,6,1,8,4,1,3,1,1
480:7,6,8,9,9,2,5,2,5,1,9,7,7,6,9,6,3,5,4,2,9,1,9,4,3,6,6,5,7,9
481:5,5,8,9,2,9,2,7,4,3,3,2,3,8,3,4,2,6,9,3,3,7,3,8,7,9,2,3,1,2
482:5,4,3,7,2,3,5,1,5,6,2,3,2,5,3,2,8,8,7,3,2,5,1,7,5,3,4,3,1,9
483:8,9,7,3,2,3,7,8,4,6,1,5,8,1,6,7,2,1,7,1,3,9,8,3,9,4,8,1,3,6
484:7,7,6,7,3,2,8,7,5,2,1,6,7,1,9,1,6,2,6,5,3,4,4,3,1,3,9,5,3,4
485:4,7,8,6,2,4,3,2,9,8,8,8,3,6,8,2,5,7,5,8,4,9,4,4,5,9,3,9,1,9
486:5,2,9,7,9,1,3,9,2,3,5,6,7,2,9,8,6,9,1,1,9,1,5,4,3,2,4,4,3,1
487:8,7,3,4,9,7,4,7,6,5,5,8,2,8,2,2,6,9,4,8,4,9,7,7,2,8,6,4,8,1
488:3,1,3,3,5,4,8,9,4,7,7,3,9,3,7,4,1,6,3,4,8,4,5,6,7,3,9,8,2,4
489:4,1,7,8,2,3,5,2,7,9,5,4,6,4,2,3,4,4,4,4,4,5,4,9,4,7,9,6,3,9
490:4,1,5,6,5,5,6,3,6,6,8,5,9,8,3,7,4,6,4,7,7,9,2,1,3,6,3,6,7,7
491:7,3,8,3,6,9,6,6,9,8,8,8,7,7,8,8,4,5,8,4,2,3,2,7,1,4,5,3,4,2
492:7,7,8,1,6,4,9,5,4,7,9,4,3,5,6,2,7,4,8,7,3,7,9,6,8,2,9,1,2,5
493:1,2,6,3,7,7,3,4,3,5,3,1,3,4,9,5,9,7,7,9,5,4,6,9,9,5,4,9,7,7
494:4,1,6,7,5,9,7,1,4,7,7,7,6,4,7,4,4,2,5,8,9,4,3,2,9,4,6,6,5,4
495:9,2,6,1,7,6,8,1,6,5,1,7,9,7,3,9,5,9,6,4,9,4,2,2,4,5,7,9,5,7
496:4,4,5,7,5,1,8,4,7,6,8,3,5,2,4,6,5,5,3,1,7,9,6,9,9,7,2,3,9,5
497:3,7,9,4,8,1,2,1,4,4,4,4,6,4,6,4,7,6,6,7,6,3,5,4,6,9,4,6,2,5
498:7,7,8,9,3,4,8,3,4,3,3,2,9,6,4,6,3,7,4,9,8,5,3,2,7,6,9,4,8,3
499:4,7,7,1,2,5,7,5,4,1,1,8,2,5,3,3,5,5,3,2,1,3,2,9,6,1,2,1,1,6
500:2,4,2,2,8,9,4,1,7,6,2,8,2,5,5,1,6,6,6,9,3,2,7,7,9,2,7,2,6,3