3507 3004
3916 3500
3659 3141
3798 3075
3831 3303
3681 3449
3709 2748
3549 2875
3572 2986
3560 2656
3853 2586
3879 2629
3660 3173
3930 3163
3662 2792
3787 2531
3613 3312
3595 3344
3705 2841
3729 2552
3822 2874
3868 3371
3872 2913
3706 2615
3774 2833
3502 2738
3855 3441
3699 3462
3750 2843
3960 3068
3745 3108
3556 3210
3773 2580
3575 3203
3520 2967
3634 2719
3834 2928
3521 3343
3612 2877
3921 2626
3914 3100
3953 2709
3587 2643
3708 2790
3545 2578
3719 3428
3904 3150
3717 2815
3752 3388
3870 2637
3801 2572
3522 2563
3515 2839
3607 3414
3664 3451
3863 3191
3690 2562
3991 2852
3927 3106
3913 2910
3785 3170
3730 2747
3820 2653
3760 2523
10 10
3815 3219
3889 2887
3685 3105
3720 3281
3932 2725
3651 2751
3668 3350
3614 3110
3977 3099
3837 3275
3525 3092
3643 3405
3989 3072
3955 3206
3806 3419
3550 2925
3937 3481
3988 2694
3946 3315
3940 2764
3877 3494
3969 3489
3530 2591
3894 2512
3723 3425
3952 2901
3925 2974
3979 2938
3574 3144
3976 3285
3909 2968
3553 2575
3761 3460
3811 2693
3594 3278
3783 2534
3700 3145
3688 2621
3826 3104
3876 2898
3862 2715
3528 3271
3504 2858
3718 3432
3619 3169
3893 2557
3713 3291
3919 2838
3887 3034
3544 3000
3778 2796
3617 3237
3737 3440
3697 3445
3963 2740
3501 3153
3987 2979
3627 3073
3777 3453
3548 2517
3691 2723
3790 2618
3526 3493
3772 3049
3810 2636
3832 3317
3912 2831
3795 3479
3712 3264
3722 2567
3823 2661
3667 3401
3754 3297
3828 3478
3592 3118
3531 2672
3757 2864
3658 3234
3856 3383
3821 2749
3830 3455
3941 3201
3938 2528
3845 2631
3907 3439
3818 3196
3859 2732
3746 2663
3518 2866
3763 3063
3704 3138
3576 2674
3971 3384
3716 3260
3809 2671
3621 2508
3514 3181
3942 3389
3906 2832
3538 2919
3866 3131
3736 2658
3881 3488
3694 3013
3753 3061
3626 2917
3610 2655
3513 3472
3661 2689
3692 3333
3536 2731
3755 2581
3569 3341
3993 3400
3670 2527
3633 3416
3849 3253
3591 2638
3598 2983
3582 3148
3819 3056
3601 3207
3742 2778
3554 3316
3674 3477
3638 2573
3758 3029
3886 3225
3833 3089
3682 3487
3902 3392
3804 3194
3700 3701
3589 3355
3631 3230
3679 3484
3780 2766
3559 3398
3915 2520
3945 3036
3509 2756
3573 2814
3816 3220
3899 2823
3645 3126
3539 3027
3850 3468
3557 2651
3604 3025
3784 2935
3639 3491
3537 3289
3611 3176
3603 2828
3871 3294
3839 2834
3673 3003
3985 3227
3686 2997
3579 3050
3980 3290
3728 3483
3807 2965
3911 2746
3944 3102
3994 3217
3797 3042
3675 2933
3503 3299
3721 3408
3590 2664
3970 3081
3990 3452
3751 3255
3978 2679
7198 3600
3884 2739
3992 2686
3857 2880
3646 3180
3510 3331
3882 2990
3653 2710
3824 2902
3860 3228
3965 3112
3900 3117
3541 2667
3534 3280
3747 2744
3516 3133
3897 3214
3578 3109
3908 3266
3683 2949
3765 3057
3802 3342
3846 2911
3762 2787
3602 3132
3527 2985
3551 2883
3563 2564
3622 2684
3983 3088
3596 3142
3731 3339
3620 2777
3727 2607
3635 3111
3735 3310
3512 2813
3873 2660
3672 2905
3950 2978
3770 2857
3625 2950
3580 2570
3962 2818
3825 2797
3956 3202
3805 3272
3552 3140
3644 2812
3984 2836
3741 2804
3767 3337
3975 2540
3951 3213
3740 2984
3561 2545
3928 2937
3803 3422
3647 2628
3961 2907
3864 2641
3743 2533
3532 2987
3711 3359
3878 3024
3585 2550
3808 3262
3637 3306
3523 3018
3665 2704
3636 3415
3848 2538
3586 2511
3632 2576
3838 2544
3547 3242
3973 2936
3949 2953
3792 3249
3540 2819
3812 2652
3656 2808
3695 2646
3562 2929
3918 3248
3771 2765
3702 2650
3616 3158
3671 2604
3529 3115
3517 3485
3648 2713
3883 3125
3571 2810
3506 2977
3895 3495
3865 2800
3796 2859
3700 3700
3652 3046
3726 3198
3958 3087
3861 3160
3874 3321
3714 2750
3842 2849
3734 3395
3606 2774
3998 3152
3935 2791
3732 2760
3947 3119
3597 2680
3997 3403
3687 3442
3600 2516
3615 3186
3782 3221
3923 3020
3642 2754
3663 2956
3851 2611
3799 3197
3577 3048
3924 2853
3542 2869
3982 3223
3605 3459
3905 2872
3696 3200
3700 3702
3929 2801
3891 3082
3623 2541
3813 3001
3555 2702
3972 2964
3847 2947
3892 3021
3968 3433
3640 3390
7200 3601
3650 2783
3957 2593
3901 3254
3931 2669
3996 3156
3701 3411
3769 3347
3917 3107
3936 3368
3840 2980
3986 3407
3599 2821
3564 2957
3903 3103
3835 2884
3910 2548
3588 2720
3630 2772
3974 3492
3800 2561
3689 2826
3508 3287
3546 3423
3896 2829
3703 3365
3641 3192
3725 3010
3933 3238
3964 2916
3948 3188
3657 3301
3814 2970
3875 2873
3565 2500
3739 3431
3584 2535
3511 3052
3827 3184
3943 2619
3698 3358
3759 3397
3609 2504
3593 3302
3764 3438
3789 3035
3669 2788
3655 3429
3628 3334
3966 2510
3967 3497
3693 3338
3775 3351
3707 3322
3836 3215
3567 3288
3976 1989
3684 3474
3981 3171
3676 2568
3779 2918
3666 2941
3926 3396
3629 2897
3505 2958
3852 2966
3583 2736
3788 3096
3733 2761
7202 3602
3524 2501
3890 2521
3649 3499
3793 3325
3999 2851
3791 3175
3749 3005
3715 2585
3624 3055
3880 3480
3898 3058
3885 3327
3781 2888
3954 3091
3724 3454
3920 3077
3844 3399
3854 3095
3744 3273
3867 3233
3581 3357
3888 3318
3608 2553
3843 2923
3858 2961
3776 2865
3519 2583
3829 2701
3995 3373
3766 2673
3786 3467
3756 2999
3618 2596
3654 3120
3677 3244
3533 3179
3738 3079
3934 2659
3817 3044
3794 3486
3678 3413
4000 3328
3922 3352
3535 3362
3680 2914
3869 2789
3710 2998
3768 3226
3959 3139
3570 2757
3841 3284