2384614993153545773989794466125382858431111929134393939442253847864158789552968763323831643528655215924663145397551935994781193749641475826376828593715634462374247769462728564871459817932542621264148433
3146327859584747567166475264768115421111111114981786655111111111157259335517789696784361619774359811111199465174145413196847723779111111111111144817997511111111121616859914661924511199581911111111111913
4321111111111238168691111111684211711112575511959134931112111111111415618111111215854465683362139118993116585371111113431235357111111725789155279577711147462411186793111115632411111297653111153539111797
5311111111111112754621115835151744111752554722333265182411183815511162723121111191872535896942367161213153892231666614834958271116583576141876128987117171929211168711114999617956611139553118719891471342
9111111443198411121896119474918822651153739565228686697389117444531125846121738117476881485695699179922916543819412918864216411351939317411114685821329612118831151142434866268811117211362711132542582757
2511256159613661114671531111987753745111345926639186524495821135481154799111384215583364753236876117193928525826344511529924617283771111423884696212746954357811381111767712379127279873956639111821734465
5611155194211117831551148851387713296418384485456978684191835692651121619311141372577418772111296211532926986471882918982866911111111652611114571513851111114116926351111111879211936631699211613778183335
5591111111111111165869639818611899254989319866522111111111448939711934399811111889825185789156518855117731528876456811415821291111131111116111922615153617481118765768427711481165622641842611131752894694
4977111111921771193958212591111111183876249317111111111111111141155958681911211663711251891123869176119659981111194541727169518516498231117613756113568699995128535594318621111113245862926111381114931835
7783113634132396787128615311222222115727883111111183714231117482998731111111111111115527221178515185198816761122158726111491542281137411212392166877483119799861867278381119163351781869111376349371183783
5196532468155711113844461112111111111121425111141649936839576919641111112215595111823436551311838475425223111222166267558175342111132311958171981641911121164553347387111347225537231771176462144882134755
3395688518595111111116532912145462665171141112172566582857386848411111512215365849415111192656976161789411111232199883829931311122118219862155283364612858814125918911982715958683819611293533493578187418
2365836772338116791911114911116644569119981111691384511111674566111896512211998532611121617911772259111111311232196293342611112222112814264929156454419554228346819251563881446371126217459332161689116213
7542111116369511962149693758111144835191174611111111118853561385112188512111763111112221386863711111111299711222111111111111112332136111889871998431111517787459111137111174985292564116542113378359117479
6751111111149932981113683751641111852589528975584312763932774532188476111154477111222321826311111154257258112111111111111479412322154118542155238456219111598673135425259646213453578117885117563348126977
7781152649116826465152479774874581546388728819643171111111534216159875111641511122233321631111173136317481111122537797483951112221158711116371244832558741111111118561387384143951149217357711529851266526
2211124755311873624678631118469756771761783215918111111111111687141121119761112223333221111221111111131111115853711118385911222211745621814736811138894318192335833584732721116137947715929971112111523543
3211736167913178388946111211111177911111111184691111946991121355135511852211222322222211111111111122111221479455811943321112232111712924894691112192531476241819249624511119291111777481838183311172156453
3411555281177511346611121111117614112111112111131215377694111412837945262112222221111112565774859111111121111174763891111112332131669765394111222156411111111146864821113862621111234631356954221572817881
3311182168383815857741121647111365121127211216541111343282811912242412111122211111799664538812154317459111112111183583284212222111111111111122222111111244711115562181112756721111184777935474442378858221
9311167641112931536666111515617451121258991214559111118317664816319211122211118448656582995173441946454631811112111132211111111111112211111223221127111835423611967933328331583987756348465796686793226996
3671116111459892836699311175955645111116391116429191111158579553141112221112895938558111111111111111122935159511122111111111747397411113781232211341191791629471535162416152955674169283267732111111117614
8663111118317926838728273111835726412118855192232198188111138529711222111486121651111133799584611811111113859695112222137521978298644779311232111264841739174581239611221351111132121715771661157516981883
9486851854178911111116694299111714211118112995566151153495626881112221126535435116269894486379239737854711111586611122117437351111179919112222179135289231134851576761631111111694831599882918253788691844
6937798941579111111111112743161491373611154849511111111191674811222211689254471547928244641111187226376873111122363112211353729265397111122211187364525734518251814351111564942733413811317511836419111429
3546547221231111667261144961198669765312235293111111111119349112222111776577516422667371111116834881211111185963367911221111219326111112221112735635677676568717915841113379891718635297934514235719569536
4562572183841119367287197474111111111835968421121116511215524112221148919314991356281111221124839911127546271176393131122211363127111222111351189681119313599187727232118211117486411111697119727616954716
3819181648758111964583894861111121111111132884121521481114981122211853762789114538811122221279545163267735421111114563112221982196941111134755187311911113178115945976111111433194122992116918563141858836
4995918993794511115577498425116357992111197815121119551194141223214372111829318998911223321153214721381867341172211248211221115541489115847855462871376311972895616457185686174511752848611715795662348954
6598123481668811811116536961111123854781111575112132411176811233216586111151688872212233322115829784411772511937122957841222211188956811562817534811336871168574242911111167758915112181112887839111111113
2493154548538989458984912596211117448931983722911119511176412233217692266395217938512233332211111111111576311916493832291123222111111111119999337786117966167248521141381119825812257441169852961818141176
3751123581114424518867118453158911111156173621571142811169512333218178649366456758311223333222222222221184911565281332797123332222222222211156463377411336111292118452444111168536743623788594416343671112
5961152381216824921111116817979811472317143314495635911436212333211481116735323445911122223333333222111111111135211148889123322222222211111767271128673125714665112163416411139325296384942867518663411913
8611153931218845211111186654427175612831119487216385951766412222211111111111492882288111122222222211151112213196417111927123321111111114848853348696593214812155181181199111345466437545117619428855979899
2641136141112461111167587613519571111111211111169852381749812211115436443511114468367778111221111119881412211974898211789123321464938486716165728545114947119984155335111151624738251111111171796936583347
2821167811119831113399682141861111222222222222111162845362712113147866994772111115535528181111968416291112221817788811736123321137273681311111111157511353125161688386459796717111111982511119499542898518
4252116111864634111116111926511222222111111122222111259211211163911115316429241111273835627181115111131512221183592511867123322133658755561131684112647111189154656416912892743119812311218112841332477567
7835411113939274111111123674112222111173889111122221119511115851111295711111663111112722564423931126251311111571332711633123332111845266644148876415583479172296111111111531741139542832421114533111139833
1325431871415264279316352221122221127529825828111122211112211111111359116679855668111116747328896644111111511931377117639123432221184357567171551711113138272111111436411115421469734861111774141113111436
1129485919115991672932295331223211995211111111826111122222217718277642116311161681391111111111111111111117411653781174777123433322117887241444251147377788687151158917231179341829391111984953291547551161
4423257631187811269528839811233219895197195288322688111122211638759929119889459567996331221111111111132521112797711141721123332222211394986311112728655555338137413492111469391556884923159287416331771112
9793299341731411871454219711223219484143363841982748215111111111842516517999114235287111211539675376849651116566114322411222222111111119573915636285811143499112852511194594752942246111111576181994111599
8313879211213911344517875831122211691781111111153183562429397433141615333763395381111121113136328658761911113371147492112232111162479932518661481111112111166411755133577692466794311112511111615281559116
6639527911311111215177218152112221121231122222111147292368124551124375825467111111221111587645896955512171134811452564112332131836327611111111189157122221111172132625345467843765711531268119241968968771
6889321911112114341161431143611222114482111122222111168436872583786678111111122222111922879854523231396831166512387864122332163444363111136341134335123322211181611122761111111178318444781196816149196635
2416319275111194861118761738371112211195441111122222111111111111111111122222222332197921676521111135933931963258721711123332178414379117593311356131123333222113921482111111111113611575189218734711113679
2519711514326692961956111964493511111111167942111112222222222222222221111111112232111111111111115214867711547195495112223432111769538141252114434611223333332211762861171956195116181115411947771115111855
3514151158442612181186311977513765731111111819983611111111222111111111684884611222222222221111949766111178191868274122333332221591353517381168357112222222333221176811547949191118248361111161111129441138
1951311115951559381178111131145948723938214377221322384531111113769314726433961123333222111537616511116711141429611122222222221788191556114685631122221112343322112811834333111153327932393586316944711311
4327265114167119581111112111111111811753163711811956121622286811111111938595721123322211124994951115129611441471112211111111111172214311126511511222211412333332219711372371128625169111119633378675611372
9813814117284611389411117971111111197795311111114397414985184642416911928538411122221119912927111824511171383411122113346915191769254141339686112222119712222223211931613512422911111111111736255339339837
9617417111213811157518569211931721112821711111111849731432796127436117458711111222111634696411449971119294887112211195237194257319842638391311122211143312111123211281212726113111112845561176873946956658
5911847111614482111774936119573411168433411455811814116211115187761173611111222111155293511115478117863185531122114728275711111153978752681112222115542611137123221499157888681111411266268219842452996664
9641112117349111114528991153272912112935431925261151591115962485119984111222211169331463935172311453816119111211173811997447111989365131111222211143532111664123321183419356691117432163164427112111145164
3193611133111116114297381117481411131293491175826146111272915811839811122221117534861118854228112651114531122115863811911117989632251111222221117922621114953123321224696511154111183361527691211171111721
1227386411449611118976241958158111512111111931236635115358541199781112222111372429167111119251352117369111221172236488763617771111111222221111952116541117973123321129956112155611111111135593116153331182
6795823857771561434639586613911117641111111219637951118931113595111222211181635482456612214221111347311122221856766676223111111122222221111916981842211165531123321985911122111176157313341643117244911139
5681765556999578387352892488337515411171711113557361153111933841122221117654796764365112111253923577112222221111111111111122222222211111687179112398111148451223321281112222213591835751527518148994561135
4911485227576215448991699287833717751893112168441719111592841511222211714552131642513121187145361611111111222222222222222222211111112952341181127381111591271233321111222333211812211111118368614591211183
2485911196131711515852697476113151321555712111475942678522721112221112747114795924111111178436111111341151222222222211111111112768538921211115555111116784111234322222222223221874111541151528825112111423
2555821778129193717242111111111885593685211148823412551462411222211985451129328925121115646611112913371111221111111115343952817236466176357853671111535415112234333222111123321163113566551187232824813769
1316931122161123211953134212691167663719211315344191187119112222118293111986517761111553881111118856111111111125826752679685111111111658759456111114188211122333322211113123322194115162919139591199547552
7621551191194116311147493646721195879259919253163511179621122221133971128797144711176771611148529111111115199781873364521111111111111113489111114414451112223322221116377123332121113413753398276893429246
6613631191118514641188779228511258761927226841115652156811222211958611263411125118757411111252281121114429758724186111255379187426312219191112754514111222333221111895688123432133611148953116456611112478
5631711992118516348111434661113234524149819211297169126912232117546119171117421131531411111785111111328392691157998111846723325323412114674465181451111112332211682159854123432199837715389773961513911632
9734111131211111768488111111386914184517315511891531124112322157661158811111111634784611176851121178324634311418211129588315797253111165211347774111114812322116518681199123432131651656576599784168871927
9316861799111118542655496474894231691111435311541481338122321176191777111526889591132111435911211525371139318782114391862314853911115251964169361112295112221196116471165123432126496391111132936186161773
2762337864898568243182577393774411114471183411815718911123321179617181118884168198359111416112211797915266116781175949241781111111876142412432111156231122211434117571172123332158391118774631113689496684
5945197945424244413763111488158111817121317351111114641123321918181123114578858811381119694122119551118671164211147799811111111121914574248211111746211222114357511361159123322149911229854611191928648712
1781531316781193791816421511147711745111196944691511671223321287977742113712247118841215981122149721196171417411447147894639131158912357211111682464112221144361911131211123321142116322684511872789799461
5611341116781675661146943481732831111196581255361135611233321578614916111864331192391211911222144541758381317111178711718859921113111111111169617411122211477617612111361223221421112337991112746397446432
4491861184985371152111169811174557526133587316349316791234321353111114911156111183361214491122175641164771687218815471876252911111111111255278532112222115728573111111741233211722314428972826595111111724
5621111121811377181861111113636371475296464189164799911234321752811111914111119423821119953122112145118191171912828821344121111671668823911123191122221131162511178913911232216435711823468166111561411227
6634484216519451122335713554492446859992221191911621591233321448672116376644121564735117398112218137811558137217981111111111143471361111138951111222111768267511571241412232113992181112479111999758116141
7276966462111717116489473531477151829465211179311948951223321423511114169742836114761111638111211449391111196212831111111764941172115548433911122221171491341111151646112322179999796191647113384441991522
8142882671193731199454143317315111162314841114391151841123321731111177211111111116575111158241121156542911787316965752194712162797751757361112222111736512782321117581122221119691118277921134881415677719
8726496711128711229887116451145911113818817211111188526123321149118271911792111622466631115625112113359462344111274551111111185359225448111222211182585413411111197111222211161111111141411256293548532298
2911111664111111678126613979166211181395783752884862895123322175111581819831799499141593111568511111111666629334882111116681115585745111122221117822432931119975285112222118491112971117111296759361586757
5412344946719693364399911539311111757421671581583392317122332117911191561317342535116113911111131122211118798281147996282572986261111122222111321351168816631626221122221124671191317511751111111184733164
4115273492614893419887317464219318251164111128111118376112222211331169153611116911111778581911111123222211111888716457657311111111222222111124718184511692149331111222211794774111297341555341155872111448
5198887544178746194845114246499617611529132189781461118111122221384152429375811999711119152246111122222222221111111111111111222222222111169124982697111475928721122221114295529116656681172248175511971631
5111938911866371186311115178473674111412437652922579119261112221119974637557911198331111255191497111111122222222222222222222222111111165617997111195111843554111222111726196838113211411183759492518181139
9334612115123954111113543179243214421112654663321111152641111222111835118996491111425111117331929977385111111111112221112111111186223744434711111684111857711122222178811254111113841111155632433198611123
9624591421916423911678533116479971749111111111111134688539551122221156111123378111114593113516711119629233724294911111711178819415418465711111117466118911112222211181274111111591911211914884877749521121
5747211216413121649951191361753219619818437133286126623488955112222111122111775921111111117797879821111111111563563163255511111136468211112111844166157111222221119888111398115491767747447841581994531328
6564671136457141118842261127921142595377111293933716964817985611122222222221111527592111193127574892352481221479311111111111117972411112211134223194111122222111213311638261169445548591191851162844111981
4863289114616714598285881111118497716561111389261111116511964317111222333322221111274521811477911111111111111525193771111652552811112211113542881111122222211155963126383381229617126171172665111921139185
2445175811123416299199916628658472111111111124351339531111713341271112222333322221111149232577348271111111735163857292366861111112222215227411111222222221118531711579856918868326111111194365111111237533
6211111657761425831111111987367315194154511521872412283175279618717911112234333322222111111166434769419146426211847211111111222222333211111112222232211111269459911111138655866111111683143922851935962462
9277511168165161811841173413537772526398143753768854946674356119457789911234444333332222222111111111111111111111111112222222233333343222222222333332114396518932697915146542911115133411996338716811111651
5152251499646436241113779449114864986263485969611421148821357889242795241233333333333333332222222222222222222222222222333333333333333333333333333332139649578661866288415219581115178981113656444116981439
3482521137133921541111123111311553811111111111111111111111111111111111111222222222222222222222222222222222222222222222222222222222222222222222222222111111111111111111111114989111111115396281842117231358
3232271117128279133348111114453539418331611111111111111111111111111111111111111111111111111111111111111111111111111111111111111111111111111111111111111111111111111117111544543762793242837419261162789248
4761781675174812618712966334494316132669252617668758546583529969836518333919484465598519796191865284681159487927193795638515689332489717541216183812392516247922112291478181472668471111111114161169242573
5816115815611671183315614589416514286211991754311111111127465511114373115898591111858651864911111424496387798784896435321111123654253286111469568321874111111112833836111111178195411191596711116164412591
9981333933211111141157721116892725136212118679114256111115611139111112383711111111111915521183367111113365695115419861111111111124629111111111111123311111136611485381151671113122113442518351449112136882
8199857138444751181951464811113146924117751111397935261163111121781116412171137332121959811723291818359718986294111241162647391117281144148339112428311121295731887152456951116941117618815111332481179924
4257217222351453115179114965115691114781211911514849111888181371111436929939752311111561914863681164879141718624116381118834157651861996329842189481113437277398931111496933311658511117812772631248654364
7696148315949774131179539111165911113161116648657381149569211111847555636396111111558641953795989133274875114441511526112698435965111524513815331177115182311173272462894182917175431112848722832527136149
7651466171319686571831126232666121471161126681332811588781135499892792148991618649432577435954454311111177681163127451151419588199675853711311317689848411158684442749681118324962974611421611921111113781
3831826162811646592745611628855158917827974311898376911941991188827691264616378374612331726267146111828211171569471864849623131145666454541111145514183619599744311463626227111172857118571389581133211669
6681961785848197611256531313461111111133787892921711111111117541184111111242368136933161111111654171654321648937116689554823875178986511377853811113914115757228792114761116232437162811616115732378211772
2271118287187129516783411997945282737998111171187144955657311714111214191114695913877334354111756612747511126412134441299875971162365177597855292113132115341684547811115174715163731971215971855212711346
3451136239191843391119116721893364722815581138825312916433111549571119281114229564115874451119966297958316295331299889547823137119339185826363111113745911157114287831111112988611711511957375113844118937
3872111111116432247111183277738511111111138546922161111111218931276311111185191865559111111219261369916234111766111111111651114471111154899968613769733375111193856976752898689151111631878695211111119447