99999999999999097373154016991395310163363387919722762853352553260248650853998356846498900225890502768671762471254765987279599402137137326556873705686176636022258552978672209619
99999999999962376992175779610686384315286226284743770778543954502260213628567582480339156988831823623282975062006017892959808553068734099184846472857264074327410855514043612790
99999999999995919999179399144951669063417505786531878060743941410826751207148883741232937147547561772481137519512884475170664287301930669988419612315440223655371480377660315755
89999999999999999999999991346314212906488331022096029428352960955117198914912257318731467690769999989596694467770373059228733457331332662498348666192926538175725768154168871349
29999999999999599999993716243422253878910203874445043512689349309660553936263944439999999281999999995721599999951225790883624695143909499478202425289425897600808344230959308829
33199999999936499999995507783256198068324494628311389455036819031857175019322429339999999999999999999999999999997387969997929311641375210679600906000210796569179633710581329084
79999999999927324499912338657117504541254677654719815032714156369205513599999999999999999999999999999999999999999999999999881105646357689448402419691413829649625054995043587542
54499999955661315977101884619578186430751968224013541495321269337542861359999999999999999999999999999999999999999999999999975977999996599787945105097289929384408493721825950335
41999999923456817935258202077388755371450305933109274876057783293399996999999999999999999995104599994744299999999999999999999497159678481712833616893422164483031904788472058465
59999999944869799547329206534707640286910513218904486553952885999999999999999999996751499999756319999269339999949999999999999999999999233754651476330306431991380247511360311290
99999998368664786855198269340484466268623265884892710397116188396999999999999189999911752720098926619453122969624006999999999999999999414392472143111278915555508740589813768906
99999992829993799938371129016890219577578707651845599881809111747999999999853939151974589394852856226921358424315675999992999999999999919419957778069120930483041797662904720834
99999999999999999518081615414403287126110927827110518834289999999999994999933444303897079521352872004253109161799589599970720499999999999975243919176465101010394574885291686098
99999999999999994766714868134543705124337055743932081843989999999999949724489525738522685725102357901639589166860100290597413499999999999999999920753336368691786366673221141710
99999995619999996337658412234916244562895136389844652732269999999999991833837741193881597458850335306822509024354959452941573999999999999999999954798859685245270246067640726419
99999994114166138090726696674267724207102584008833136926999999999995153039096956683423797537366028693813597951834001679214462949877012999999999923212363746735094571969951632091
99999995980015317936120482297713436863976986716934412999999999999674378800334976481118042132310273543067663433911974856996052523895834899999999961514699827157724592752331859037
99999924835717953992128765534335181489310727234245299999999999997414037678592051875033958332220414156254648305585541500473720686475227699999999993992050347976404763074206044700
99999949687740670994015817712119623865404185137663313999999999660338215829907999488395762280270960954097315085168927924628755391996719999999999999999999920602773326272131497521
99999925122518681569256033035475653166292086539417916999994083530589862892144679355776613121855782211220031429049968537274855408744643999281999999999999999113629707678737345471
99999979994299945144512082528022599714293162038030999999987719434755374233900964784851499964991743989250766325745627126748642060089656469677379999999999993458379110475469332008
99999949999993598371236204056297635435128582146174999999999184429283242168964293957999999999999999993268872870270841541966790017076976561092968999999999958343215199234290905910
99999999999999807307738097690421559173308871079342699999323187973363462496381629999999999999999999999284772762167545056339589922846893334542763999999999693170817517124133844631
99999999999999323872716741356502007862047776025772799997284850291912287213539999999891073589849899999999911750735857299079915243194949612615399999999999819817499602080574835438
99999918899995174057519163763378046071429498508239999999969509451461796899999988314973848393799673939999999946288981509011985789080335379571799999999999999954222203351073385921
99999991118627366932336054256921453106982815628999999999949734108742197879999106568219081555966313793999999992315616934364120034243492716347851981639999999099999836313158362654
99999914195552937997725589357628066096566605664999999999128339855155242999982237138018842094509324342059299999792406236672843851483113045504346934152999999999999966411931210310
99999991712937068190875153120711868225038321131455999999267595376409615999987518535888884125195139224783399899999563330885162881354449105505792071501699999999999992171062717000
99999965440587993816344440835962844114030395187124999999940251114388139999345595888999999999216340882830374449999821577233064686309848233934799543379599999999999516401843428126
99999916992929994853004528047615520486116534000799999999286451864704219992939088888864964199992254223048309999999999148947788824235229858542111892299999999999996636730072437884
99999910999999457388445439215479221611422036482239999999623303503752949991690188888888868730999636741918041499799999106117279114559009192132664153399999999999975175722172712869
99999999999999991763497686334500786659374177132090729999935037033880709998741788888888884723199994190170609946799999765215764599265676167442516257171490899999999999145960274504
99999999999999989276167777833943178243463465146123499999995301862559273999528348888888888274829993441021268246999999497075516822189412351918825963178947239999997699991959429428
99999999269995801494225198717098725391946278668737999999344407956579293499937155888888888424419993603801781657479999895183315611017389770251574957197515239999999899999941243744
99999999974013374689983345242985032979744202485443999999999145056293631499998255613888886469369999288068310739975999995210600416163160444993688866497137603999999999999996427055
99999999929688169417365423192028568842891725875613478339999939776706881886999999999998842804649990358159311687699999992282817038788417091804349642199497238499999999999994707812
99999999957730678090887210840691084319474217932345945899999915657382381880804688888426058375899997519753521068499999976725364245425643442752486435653863599999999999999942789466
49999999995181026998924694356291482674799098580966541899999999967363102180778982881309780071999942666614713369944399991910337718735149891252888392578695999999999999999246029136
79999999995299913990399229392892908630669330882781457262219999946100543760715122511341903499999982224136093155245999999480378947282649220442687218725841499999999999916578252743
75739999999259999999639984074693899335996059836467986688109999999997863579946808983916845999999760763838865041999999999182503261955528530156354495805367399928999999991982401724
01399999999999999999846783327670226473226717841972084569749999999996899192364411312092999999925007537096246878938999941131551231230617839390683121363066289937539999999998136896
85041999999999999992937509636392227225561482254722585583471853499999999464999999599999999992419225778741982099990999969422222680827115358170993166012001135911391999999999934462
18999999999999724758354411395925876898166589462458769642968610199999999999999999999999961787885221818574369574889999999430290731295404045733022012068499743559176699999999999824
46999999999999996542183422875820879697484190404494134529769048095677899989999999999549613815730280612076354849999999999754078811193636914036071264584797715133311599999999999993
01999999999999993652623449177852961038012146018872751930071979948863288611299221112724257516505313999872225121999999995245444903269478852344508843390096102719295399999999999994
52699999999999999394864799872455074130285964838319015971594339517879077192280411276323844506332614090667011978999999361187382867286822526099705861477649542999999999999999999978
42981969999999999998999999999400795141649951149486444992365297651996851720858535165384367301013898102804379999999999236966131055336294814727152928973526673999999999999999999295
53377791599999999999499999999248959283799637545104322155033854851574764035692792241400746437800266019758499999999999426788687930189856626833434653490715673799999999999994995583
65979999823989999999999999998739273840788869521985169064803294754930068560164263217124677460002997278924269999999999105704918340305368102271116901107583889997239999999979727699
45439408303169999999999956136286876290127907229740640959536126780318981246865203931315981894177938051615199999999990388511495196733102323063428548397203439416033999999975143668
70900907109180999999999999674403334932270486337966518989249779656586259010735531558505451836187057029999999999958475344085013333471009741684678311099412287364382999999636999111
71405039321259999999999999127766424998806359222533718886787544002809480784929035691062784773541985999999999999934297835008580338908676410350939428854969132894934999999582891121
49289166671139999999999999999618999999954274980157821249421348367898311148324433151492079937764299011999999999999961044826241097873412314730078890117696085715149999999654999993
93789679187849999999999999999999999999932792342630451822483550151357986760017118473217416652748930166999999999946123863680518454317488802800490824666907557833899999999999999999
35213322553662499999999999999999999999965651389275301723103364814263275281464737909825642399999992699999999991366397016461029543505589401181885838154129464599999999999999999999
02317178129949633691259859999999999999999834889999975681843105368173328341982197261558279435999999999999960410782778159087116651580222734368504239110037859999999999999999999999
07565714717261293999430621999999999999999998899999996498792610060606616474748224999899915822299999999999773512052286036640517624554734517339998138114917992999999999999999999999
11044752563714047423366889799999999999999999999999953737559999982499749999984214409999999999999999999999896357281452210935306908107213115765426181237790144999999999999999999991
45241346531464259433378106299999999983999999999999994123933899992233045899999312599999999999999999999993111022390270470656615034780657208606595272984859799978099999999999994449
41588766947040675919375531399999999993749999999999999999999999999938209999999999999999999999999925249218342393218228562407777157914996372187043020420857891177345999999998179070
35133702312551457499087127919999999699917199999999999999999999999999999999999999999999999999992366116114631850201233384509519387757849761103859647719687368724521799999999961132
48924852584591114909999936925234999734271999999999999999999999999999999999999999999949999999999997172947648046120560400532320786342376374734802572129390283083950591899999999296
87336439189893420818712458632765499900899799999999993589999999999999999999999999999959729999999157204041982186610135557736295232051911350080131139192172238322363945799999999909
45279263503064127936786341985470429576437679999999989957189999999999987199999999991275178116587753450148334933778055477841104903664219181446492914285921721997761295613999999962
94964359931763980166159967008187773715173941999995996201319999999998982051999999999945125130078876758472939131710187251656548392690370540822047131439044282516831899998999999992
30917748163095598165217657273741817791251361467577993455036999999942749196774989389962034184770289751846825304241942080044714928437679571235009331011779999999169299999999999998
61618936119849397615391793187734636656966891342851999459177451442499478351279210456612726294539948607284024704292092663111920807799719776177110556869599999999906799999999999999
16985955206371560392648178497312672007305870347260334277181335254287752784228689240282861357175792667373295891634721573694192029093877780777210678619449999999299999999999999999
14827181141636238446240638947232365313755156182436399891374407260871415294855749913760762073250839670577401002513917065254330161727882172429952918181359999999999999599999999999
85428642619112728218782645899867563112339894196498122779905121711467721207234416653586037437841552975345908350643093297239973367131976866802583874799994029999995967999999999999
40091806008651625169769619612574991299817811422182365913400721602410171233560944763841849159280586458244098371941976678055375331533999838352859399993499519999865506399999999999
99463802720398974787177867784463969064415650561372197230139222099529718914065639108435643412795270331435154079951571289128475202594569209679999479740340387749939163899999999999