1526
1125
1729
1061
1825
1418
1703
1615
1062
1856
1522
1860
1056
1628
1742
1571
1000
1752
1329
1877
1605
1464
1768
1234
1861
1514
1396
1124
1963
1574
1765
1982
1605
1348
1529
1962
1164
1680
1245
1336
1841
1211
1112
1150
1232
1296
1284
1549
1691
1514
1500
1461
1105
1704
1438
1439
1236
1281
1581
1319
1593
1223
1037
1758
1391
1662
1536
1002
1194
1617
1387
1527
1824
1145
1642
1661
1798
1414
1913
1912
1734
1670
1463
1095
1713
1076
1348
1841
1038
1700
1453
1873
1451
1213
1720
1280
1158
1790
1671
1115