158338
128964
142777
107469
131874
192802
120028
153702
162849
160229
151219
189440
139009
170047
164976
186059
148198
166142
167133
137768
158329
165577
136877
190061
103159
187306
120811
111071
174771
198160
123692
156596
184385
195616
157809
188418
110126
156460
104864
146440
111324
127911
102697
137215
117187
150380
122066
142776
129187
194632
130336
120117
105438
184722
153898
170503
170748
116453
138075
173920
170196
124853
110054
158853
158267
169471
119776
188028
186670
192708
179079
164638
109213
164501
134268
137924
152727
104708
192821
172123
161338
138987
198005
136278
126625
145286
134351
120750
114841
115527
125853
154275
168131
175232
135126
183907
154451
157482
143619
186667