17532273429
34456432991
40125240358
46078674843
47764540196
48401495149
57923867834
67491587304
78755075487
85379026004
90464892473
98844494062
101166462054
132405313785
261941545622
463602637305
572945154316
629571917018
640079683478
930490254848
1086193457508
1142873093950
1180977095158
1192155512717
1232167538859
1754372839764
1956533204737
2036492318711
2147722413134
2203371543967
2300462559389
2494798272318
2613265575896
2719990536204
2845438119347
3101828007500
3421155124543
3705323856315
3804648259374
3832703567190
4267341158241
4283631319132
4522308804436
4528760481768
4790107214644
4807652349918
4917378615315
4958337554823
5085176336109
5087433173167
5247253459358
5260038088921
5353443040204
5479457069323
5591682174732
5638049473507
5739899005449
5904224814602
6106820852701
6247286321207
6263012344164
6386381774111
6459945120777
6783204865316
6783558332381
6887877861018
6897763799217
6951467591366
7045007625601
7088483680593
7233154379143
7238897111020
7276186800797
7644826960806
7723546953312
7772932441886
7864354738987
7865903123879
7908829465575
8067071863870
8082226868717
8149554461309
8248720009593
8520126148125
8535106842341
8589772633547
8663827624971
8713072636815
8802047519882
8814160706734
9055022091183
9065426771894
9079039980009
9084293134515
9412431232514
9653013310678
9672654592017
9721746866440
9985809645478
9986086788225